section Colour Description
text Colour Name
number Colour ID
checkbox Transparent Colour (Editor Only)

section Clay
picker Clay ColourPicker
desc Select a main clay colour with the picker above.
number Clay Colour R value
number Clay Colour G value
number Clay Colour B value

section DarkClay
picker DarkClay ColourPicker
desc Select a dark clay colour with the picker above.
number DarkClay Colour R value
number DarkClay Colour G value
number DarkClay Colour B value

section Displacement
number Displace
desc Determines the amount of apparent displacement.
desc Smooth is 0.0, larger values increase displacement.
desc 0.4 is a good starting point.

end of form

code

<<< Colour Definition >>>
!ColourID!	!ColourID!	!ColourID!	!ColourID!	!ColourName!	!ColourName!	!ColourName!	!ColourName!	!Hex!	!checkbox!	Solid Colors	!ColourCategory!	to_lego			Misc Materials

<<< Colour Settings >>>
<material name="SOLID-!ColourNameSetting!" displacement_method="bump" heterogeneous_volume="False" use_local_tuning="False" use_mis="True" use_transparent_shadow="True" volume_interpolation_method="linear" volume_sampling_method="multiple_importance">
	<shader>
		<mapping name="Mapping" tex_mapping.type="point"
			tex_mapping.use_minmax="False"
			location="0.0 0.0 0.0"
			rotation="0.0 0.0 0.0"
			scale="1.0 1.0 1.0">
			<input name="Vector" type="vector"/>
			<output name="Vector" type="vector"/>
		</mapping>
		<texture_coordinate name="Texture Coordinate">
			<output name="Generated" type="vector"/>
			<output name="Normal" type="vector"/>
			<output name="UV" type="vector"/>
			<output name="Object" type="vector"/>
			<output name="Camera" type="vector"/>
			<output name="Window" type="vector"/>
			<output name="Reflection" type="vector"/>
		</texture_coordinate>
		<magic_texture name="Magic Texture.001">
			<input name="Vector" type="vector"/>
			<input name="Scale" type="float" value="3.0" /> 
			<input name="Distortion" type="float" value="0.01" /> 
			<output name="Color" type="color"/>
			<output name="Fac" type="float"/>
		</magic_texture>
		<rgb_ramp name="ColorRamp.001" interpolate="True" ramp="0.017521973699331284 0.017521973699331284 0.017521973699331284 0.017521973699331284 0.017521973699331284 0.017521973699331284 0.017521973699331284 0.017521973699331284 0.017521973699331284 0.017521973699331284 0.017521973699331284 0.017521973699331284 0.017521973699331284 0.017521973699331284 0.017521973699331284 0.017521973699331284 0.017521973699331284 0.017521973699331284 0.017521973699331284 0.017521973699331284 0.017521973699331284 0.017521973699331284 0.017521973699331284 0.017521973699331284 0.017521973699331284 0.017521973699331284 0.017521973699331284 0.017521973699331284 0.017521973699331284 0.017521973699331284 0.017521973699331284 0.017521973699331284 0.017521973699331284 0.017521973699331284 0.017521973699331284 0.017521973699331284 0.017521973699331284 0.017521973699331284 0.017521973699331284 0.017521973699331284 0.017521973699331284 0.017521973699331284 0.017521973699331284 0.017521973699331284 0.017521973699331284 0.017521973699331284 0.017521973699331284 0.017521973699331284 0.017521973699331284 0.017521973699331284 0.017521973699331284 0.017521973699331284 0.017521973699331284 0.017521973699331284 0.017521973699331284 0.017521973699331284 0.017521973699331284 0.017521973699331284 0.017521973699331284 0.017521973699331284 0.017521973699331284 0.017521973699331284 0.017521973699331284 0.017521973699331284 0.017521973699331284 0.017521973699331284 0.017521973699331284 0.017521973699331284 0.017521973699331284 0.017521973699331284 0.017521973699331284 0.017521973699331284 0.017521973699331284 0.017521973699331284 0.017521973699331284 0.017521973699331284 0.017521973699331284 0.017521973699331284 0.017521973699331284 0.017521973699331284 0.017521973699331284 0.017521973699331284 0.017521973699331284 0.017521973699331284 0.017521973699331284 0.017521973699331284 0.017521973699331284 0.017521973699331284 0.017521973699331284 0.017521973699331284 0.017521973699331284 0.017521973699331284 0.017521973699331284 0.017521973699331284 0.017521973699331284 0.017521973699331284 0.017521973699331284 0.017521973699331284 0.017521973699331284 0.017521973699331284 0.017521973699331284 0.017521973699331284 0.017521973699331284 0.017521973699331284 0.017521973699331284 0.017521973699331284 0.017521973699331284 0.017521973699331284 0.017521973699331284 0.017521973699331284 0.017521973699331284 0.017521973699331284 0.017521973699331284 0.017521973699331284 0.017521973699331284 0.017521973699331284 0.017521973699331284 0.017521973699331284 0.017521973699331284 0.017521973699331284 0.017521973699331284 0.017521973699331284 0.017521973699331284 0.017521973699331284 0.017521973699331284 0.017521973699331284 0.017521973699331284 0.017521973699331284 0.017521973699331284 0.017521973699331284 0.017521973699331284 0.017521973699331284 0.017521973699331284 0.017521973699331284 0.017521973699331284 0.017521973699331284 0.017521973699331284 0.017521973699331284 0.017521973699331284 0.017521973699331284 0.017521973699331284 0.017521973699331284 0.017521973699331284 0.017521973699331284 0.017521973699331284 0.017521973699331284 0.017521973699331284 0.017521973699331284 0.017521973699331284 0.017521973699331284 0.017521973699331284 0.017521973699331284 0.017521973699331284 0.017521973699331284 0.017521973699331284 0.017521973699331284 0.017521973699331284 0.017521973699331284 0.017521973699331284 0.017521973699331284 0.017521973699331284 0.017521973699331284 0.017521973699331284 0.017521973699331284 0.017521973699331284 0.017521973699331284 0.017521973699331284 0.017521973699331284 0.017521973699331284 0.017521973699331284 0.017521973699331284 0.017521973699331284 0.017521973699331284 0.017521973699331284 0.017521973699331284 0.017521973699331284 0.017521973699331284 0.017521973699331284 0.017521973699331284 0.017521973699331284 0.017521973699331284 0.017521973699331284 0.017521973699331284 0.017521973699331284 0.017521973699331284 0.017521973699331284 0.017521973699331284 0.017521973699331284 0.017521973699331284 0.017521973699331284 0.017521973699331284 0.017521973699331284 0.017521973699331284 0.017521973699331284 0.017521973699331284 0.017521973699331284 0.017521973699331284 0.017521973699331284 0.017521973699331284 0.017521973699331284 0.017521973699331284 0.017521973699331284 0.017521973699331284 0.017521973699331284 0.017521973699331284 0.017521973699331284 0.017521973699331284 0.017521973699331284 0.017521973699331284 0.017521973699331284 0.017521973699331284 0.017521973699331284 0.017521973699331284 0.017521973699331284 0.017521973699331284 0.017521973699331284 0.017521973699331284 0.017521973699331284 0.017521973699331284 0.017521973699331284 0.017521973699331284 0.017521973699331284 0.017521973699331284 0.017521973699331284 0.017521973699331284 0.017521973699331284 0.017521973699331284 0.017521973699331284 0.017521973699331284 0.017521973699331284 0.017521973699331284 0.017521973699331284 0.017521973699331284 0.017521973699331284 0.017521973699331284 0.017521973699331284 0.017521973699331284 0.017521973699331284 0.017521973699331284 0.017521973699331284 0.017521973699331284 0.017521973699331284 0.017521973699331284 0.017521973699331284 0.017521973699331284 0.017521973699331284 0.017521973699331284 0.017521973699331284 0.017521973699331284 0.017521973699331284 0.017521973699331284 0.017521973699331284 0.017521973699331284 0.017521973699331284 0.017521973699331284 0.017521973699331284 0.017521973699331284 0.017521973699331284 0.017521973699331284 0.017521973699331284 0.017521973699331284 0.017521973699331284 0.017521973699331284 0.017521973699331284 0.017521973699331284 0.017521973699331284 0.017521973699331284 0.017521973699331284 0.017521973699331284 0.017521973699331284 0.017521973699331284 0.017521973699331284 0.017521973699331284 0.017521973699331284 0.017521973699331284 0.017521973699331284 0.017521973699331284 0.017521973699331284 0.017521973699331284 0.017521973699331284 0.017521973699331284 0.017521973699331284 0.017521973699331284 0.017521973699331284 0.017521973699331284 0.017521973699331284 0.017521973699331284 0.017521973699331284 0.017521973699331284 0.017521973699331284 0.017521973699331284 0.017521973699331284 0.017521973699331284 0.017521973699331284 0.017521973699331284 0.017521973699331284 0.017521973699331284 0.017521973699331284 0.017521973699331284 0.017521973699331284 0.017521973699331284 0.017521973699331284 0.017521973699331284 0.017521973699331284 0.017521973699331284 0.017521973699331284 0.017521973699331284 0.017521973699331284 0.017521973699331284 0.017521973699331284 0.017521973699331284 0.017521973699331284 0.017521973699331284 0.017521973699331284 0.017521973699331284 0.017521973699331284 0.017521973699331284 0.017521973699331284 0.017521973699331284 0.017521973699331284 0.017521973699331284 0.017521973699331284 0.017521973699331284 0.017521973699331284 0.017521973699331284 0.017521973699331284 0.017521973699331284 0.023392388597130775 0.023392388597130775 0.023392388597130775 0.030901093035936356 0.030901093035936356 0.030901093035936356 0.0384097658097744 0.0384097658097744 0.0384097658097744 0.04591847211122513 0.04591847211122513 0.04591847211122513 0.05342717468738556 0.05342717468738556 0.05342717468738556 0.06093588098883629 0.06093588098883629 0.06093588098883629 0.06844458729028702 0.06844458729028702 0.06844458729028702 0.07595326006412506 0.07595326006412506 0.07595326006412506 0.08346196264028549 0.08346196264028549 0.08346196264028549 0.09097066521644592 0.09097066521644592 0.09097066521644592 0.09847937524318695 0.09847937524318695 0.09847937524318695 0.10598807781934738 0.10598807781934738 0.10598807781934738 0.11349674314260483 0.11349674314260483 0.11349674314260483 0.12100546061992645 0.12100546061992645 0.12100546061992645 0.1285141557455063 0.1285141557455063 0.1285141557455063 0.13602286577224731 0.13602286577224731 0.13602286577224731 0.14353154599666595 0.14353154599666595 0.14353154599666595 0.1510402411222458 0.1510402411222458 0.1510402411222458 0.15854895114898682 0.15854895114898682 0.15854895114898682 0.16605764627456665 0.16605764627456665 0.16605764627456665 0.17356635630130768 0.17356635630130768 0.17356635630130768 0.18107503652572632 0.18107503652572632 0.18107503652572632 0.18858373165130615 0.18858373165130615 0.18858373165130615 0.19609244167804718 0.19609244167804718 0.19609244167804718 0.20360113680362701 0.20360113680362701 0.20360113680362701 0.21110984683036804 0.21110984683036804 0.21110984683036804 0.2186185121536255 0.2186185121536255 0.2186185121536255 0.22612722218036652 0.22612722218036652 0.22612722218036652 0.23363593220710754 0.23363593220710754 0.23363593220710754 0.24114462733268738 0.24114462733268738 0.24114462733268738 0.2486533373594284 0.2486533373594284 0.2486533373594284 0.25616201758384705 0.25616201758384705 0.25616201758384705 0.26367074251174927 0.26367074251174927 0.26367074251174927 0.2711794078350067 0.2711794078350067 0.2711794078350067 0.27868813276290894 0.27868813276290894 0.27868813276290894 0.2861967980861664 0.2861967980861664 0.2861967980861664 0.2937055230140686 0.2937055230140686 0.2937055230140686 0.30121418833732605 0.30121418833732605 0.30121418833732605 0.30872291326522827 0.30872291326522827 0.30872291326522827 0.3162316083908081 0.3162316083908081 0.3162316083908081 0.32374030351638794 0.32374030351638794 0.32374030351638794 0.3312489986419678 0.3312489986419678 0.3312489986419678 0.3387576937675476 0.3387576937675476 0.3387576937675476 0.34626638889312744 0.34626638889312744 0.34626638889312744 0.35377511382102966 0.35377511382102966 0.35377511382102966 0.3612837791442871 0.3612837791442871 0.3612837791442871 0.36879250407218933 0.36879250407218933 0.36879250407218933 0.3763011693954468 0.3763011693954468 0.3763011693954468 0.3838098645210266 0.3838098645210266 0.3838098645210266 0.3913186192512512 0.3913186192512512 0.3913186192512512 0.39882728457450867 0.39882728457450867 0.39882728457450867 0.4063359797000885 0.4063359797000885 0.4063359797000885 0.41384467482566833 0.41384467482566833 0.41384467482566833 0.4213533401489258 0.4213533401489258 0.4213533401489258 0.4288620948791504 0.4288620948791504 0.4288620948791504 0.43637076020240784 0.43637076020240784 0.43637076020240784 0.44387948513031006 0.44387948513031006 0.44387948513031006 0.4513881802558899 0.4513881802558899 0.4513881802558899 0.45889684557914734 0.45889684557914734 0.45889684557914734 0.4664055407047272 0.4664055407047272 0.4664055407047272 0.4739142656326294 0.4739142656326294 0.4739142656326294 0.4814229905605316 0.4814229905605316 0.4814229905605316 0.48893165588378906 0.48893165588378906 0.48893165588378906 0.4964403212070465 0.4964403212070465 0.4964403212070465 0.5039490461349487 0.5039490461349487 0.5039490461349487 0.5114577412605286 0.5114577412605286 0.5114577412605286 0.5189664363861084 0.5189664363861084 0.5189664363861084 0.526475191116333 0.526475191116333 0.526475191116333 0.5339838266372681 0.5339838266372681 0.5339838266372681 0.5414925217628479 0.5414925217628479 0.5414925217628479 0.5490012764930725 0.5490012764930725 0.5490012764930725 0.5565099120140076 0.5565099120140076 0.5565099120140076 0.5640186667442322 0.5640186667442322 0.5640186667442322 0.5715273022651672 0.5715273022651672 0.5715273022651672 0.5790359973907471 0.5790359973907471 0.5790359973907471 0.5865447521209717 0.5865447521209717 0.5865447521209717 0.5940534472465515 0.5940534472465515 0.5940534472465515 0.6015621423721313 0.6015621423721313 0.6015621423721313 0.6029275059700012 0.6029275059700012 0.6029275059700012 0.6029275059700012 0.6029275059700012 0.6029275059700012 0.6029275059700012 0.6029275059700012 0.6029275059700012 0.6029275059700012 0.6029275059700012 0.6029275059700012 0.6029275059700012 0.6029275059700012 0.6029275059700012 0.6029275059700012 0.6029275059700012 0.6029275059700012 0.6029275059700012 0.6029275059700012 0.6029275059700012 0.6029275059700012 0.6029275059700012 0.6029275059700012 0.6029275059700012 0.6029275059700012 0.6029275059700012 0.6029275059700012 0.6029275059700012 0.6029275059700012 0.6029275059700012 0.6029275059700012 0.6029275059700012 0.6029275059700012 0.6029275059700012 0.6029275059700012 0.6029275059700012 0.6029275059700012 0.6029275059700012 0.6029275059700012 0.6029275059700012 0.6029275059700012 0.6029275059700012 0.6029275059700012 0.6029275059700012 0.6029275059700012 0.6029275059700012 0.6029275059700012 0.6029275059700012 0.6029275059700012 0.6029275059700012 0.6029275059700012 0.6029275059700012 0.6029275059700012 0.6029275059700012 0.6029275059700012 0.6029275059700012 0.6029275059700012 0.6029275059700012 0.6029275059700012 0.6029275059700012 0.6029275059700012 0.6029275059700012 0.6029275059700012 0.6029275059700012 0.6029275059700012 0.6029275059700012 0.6029275059700012 0.6029275059700012 0.6029275059700012 0.6029275059700012 0.6029275059700012 0.6029275059700012 0.6029275059700012 0.6029275059700012 0.6029275059700012 0.6029275059700012 0.6029275059700012 0.6029275059700012 0.6029275059700012 0.6029275059700012 0.6029275059700012 0.6029275059700012 0.6029275059700012 0.6029275059700012 0.6029275059700012 0.6029275059700012 0.6029275059700012 0.6029275059700012 0.6029275059700012 0.6029275059700012 0.6029275059700012 0.6029275059700012 0.6029275059700012 0.6029275059700012 0.6029275059700012 0.6029275059700012 0.6029275059700012 0.6029275059700012 0.6029275059700012 0.6029275059700012 0.6029275059700012 0.6029275059700012 0.6029275059700012 0.6029275059700012 0.6029275059700012 0.6029275059700012 0.6029275059700012 0.6029275059700012 0.6029275059700012 0.6029275059700012 0.6029275059700012 0.6029275059700012 0.6029275059700012 0.6029275059700012 0.6029275059700012 0.6029275059700012 0.6029275059700012 0.6029275059700012 0.6029275059700012 0.6029275059700012 0.6029275059700012 0.6029275059700012 0.6029275059700012 0.6029275059700012 0.6029275059700012 0.6029275059700012 0.6029275059700012 0.6029275059700012 0.6029275059700012 0.6029275059700012 0.6029275059700012 0.6029275059700012 0.6029275059700012 0.6029275059700012 0.6029275059700012 0.6029275059700012 0.6029275059700012 0.6029275059700012 0.6029275059700012 0.6029275059700012 0.6029275059700012 0.6029275059700012 0.6029275059700012 0.6029275059700012 0.6029275059700012 0.6029275059700012 0.6029275059700012 0.6029275059700012 0.6029275059700012 0.6029275059700012 0.6029275059700012 0.6029275059700012 0.6029275059700012 0.6029275059700012 0.6029275059700012 0.6029275059700012 0.6029275059700012 0.6029275059700012 0.6029275059700012 0.6029275059700012 0.6029275059700012 0.6029275059700012 0.6029275059700012 0.6029275059700012 0.6029275059700012 0.6029275059700012 0.6029275059700012 0.6029275059700012 0.6029275059700012 0.6029275059700012 0.6029275059700012 0.6029275059700012 0.6029275059700012 0.6029275059700012 0.6029275059700012 0.6029275059700012 0.6029275059700012 0.6029275059700012 0.6029275059700012 0.6029275059700012 0.6029275059700012 0.6029275059700012 0.6029275059700012 0.6029275059700012 0.6029275059700012 0.6029275059700012 0.6029275059700012 0.6029275059700012 0.6029275059700012 0.6029275059700012 0.6029275059700012 0.6029275059700012 0.6029275059700012 0.6029275059700012 0.6029275059700012 0.6029275059700012 0.6029275059700012 0.6029275059700012 0.6029275059700012 0.6029275059700012 0.6029275059700012 0.6029275059700012 0.6029275059700012 0.6029275059700012 0.6029275059700012 0.6029275059700012" ramp_alpha="1.0 1.0 1.0 1.0 1.0 1.0 1.0 1.0 1.0 1.0 1.0 1.0 1.0 1.0 1.0 1.0 1.0 1.0 1.0 1.0 1.0 1.0 1.0 1.0 1.0 1.0 1.0 1.0 1.0 1.0 1.0 1.0 1.0 1.0 1.0 1.0 1.0 1.0 1.0 1.0 1.0 1.0 1.0 1.0 1.0 1.0 1.0 1.0 1.0 1.0 1.0 1.0 1.0 1.0 1.0 1.0 1.0 1.0 1.0 1.0 1.0 1.0 1.0 1.0 1.0 1.0 1.0 1.0 1.0 1.0 1.0 1.0 1.0 1.0 1.0 1.0 1.0 1.0 1.0 1.0 1.0 1.0 1.0 1.0 1.0 1.0 1.0 1.0 1.0 1.0 1.0 1.0 1.0 1.0 1.0 1.0 1.0 1.0 1.0 1.0 1.0 1.0 1.0 1.0 1.0 1.0 1.0 1.0 1.0 1.0 1.0 1.0 1.0 1.0 1.0 1.0 1.0 1.0 1.0 1.0 1.0 1.0 1.0 1.0 1.0 1.0 1.0 1.0 1.0 1.0 1.0 1.0 1.0 1.0 1.0 1.0 1.0 1.0 1.0 1.0 1.0 1.0 1.0 1.0 1.0 1.0 1.0 1.0 1.0 1.0 1.0 1.0 1.0 1.0 1.0 1.0 1.0 1.0 1.0 1.0 1.0 1.0 1.0 1.0 1.0 1.0 1.0 1.0 1.0 1.0 1.0 1.0 1.0 1.0 1.0 1.0 1.0 1.0 1.0 1.0 1.0 1.0 1.0 1.0 1.0 1.0 1.0 1.0 1.0 1.0 1.0 1.0 1.0 1.0 1.0 1.0 1.0 1.0 1.0 1.0 1.0 1.0 1.0 1.0 1.0 1.0 1.0 1.0 1.0 1.0 1.0 1.0 1.0 1.0 1.0 1.0 1.0 1.0 1.0 1.0 1.0 1.0 1.0 1.0 1.0 1.0 1.0 1.0 1.0 1.0 1.0 1.0 1.0 1.0 1.0 1.0 1.0 1.0 1.0 1.0 1.0 1.0 1.0 1.0 1.0 1.0 1.0 1.0 1.0 1.0 1.0 1.0 1.0 1.0 1.0 1.0">
			<input name="Fac" type="float"/>
			<output name="Color" type="color"/>
			<output name="Alpha" type="float"/>
		</rgb_ramp>
		<noise_texture name="Noise Texture.002">
			<input name="Vector" type="vector"/>
			<input name="Scale" type="float" value="0.25" /> 
			<input name="Detail" type="float" value="5.0" /> 
			<input name="Distortion" type="float" value="1.0" /> 
			<output name="Color" type="color"/>
			<output name="Fac" type="float"/>
		</noise_texture>
		<math name="Math.001" type="multiply" use_clamp="False">
			<input name="Value1" type="float"/>
			<input name="Value2" type="float" value="1.0" /> 
			<output name="Value" type="float"/>
		</math>
		<noise_texture name="Noise Texture.001">
			<input name="Vector" type="vector" value="0.0 0.0 0.0"/> 
			<input name="Scale" type="float" value="16.0" /> 
			<input name="Detail" type="float" value="5.0" /> 
			<input name="Distortion" type="float" value="1.0" /> 
			<output name="Color" type="color"/>
			<output name="Fac" type="float"/>
		</noise_texture>
		<noise_texture name="Noise Texture">
			<input name="Vector" type="vector" value="0.0 0.0 0.0"/> 
			<input name="Scale" type="float" value="3.0" /> 
			<input name="Detail" type="float" value="5.0" /> 
			<input name="Distortion" type="float"/>
			<output name="Color" type="color"/>
			<output name="Fac" type="float"/>
		</noise_texture>
		<rgb_ramp name="ColorRamp" interpolate="True" ramp="0.0 0.0 0.0 0.0 0.0 0.0 0.0 0.0 0.0 0.0 0.0 0.0 0.0 0.0 0.0 0.0 0.0 0.0 0.0 0.0 0.0 0.0 0.0 0.0 0.0 0.0 0.0 0.0 0.0 0.0 0.0 0.0 0.0 0.0 0.0 0.0 0.0 0.0 0.0 0.0 0.0 0.0 0.0 0.0 0.0 0.0 0.0 0.0 0.0 0.0 0.0 0.0 0.0 0.0 0.0 0.0 0.0 0.0 0.0 0.0 0.0 0.0 0.0 0.0 0.0 0.0 0.0 0.0 0.0 0.0 0.0 0.0 0.0 0.0 0.0 0.0 0.0 0.0 0.0 0.0 0.0 0.0 0.0 0.0 0.0 0.0 0.0 0.0 0.0 0.0 0.0 0.0 0.0 0.0 0.0 0.0 0.0 0.0 0.0 0.0 0.0 0.0 0.0 0.0 0.0 0.0 0.0 0.0 0.0 0.0 0.0 0.0 0.0 0.0 0.0 0.0 0.0 0.0 0.0 0.0 0.0 0.0 0.0 0.0 0.0 0.0 0.0 0.0 0.0 0.0 0.0 0.0 0.0 0.0 0.0 0.0 0.0 0.0 0.0 0.0 0.0 0.0 0.0 0.0 0.0 0.0 0.0 0.0 0.0 0.0 0.0 0.0 0.0 0.0 0.0 0.0 0.0 0.0 0.0 0.0 0.0 0.0 0.0 0.0 0.0 0.0 0.0 0.0 0.0 0.0 0.0 0.0 0.0 0.0 0.0 0.0 0.0 0.0 0.0 0.0 0.0 0.0 0.0 0.0 0.0 0.0 0.0 0.0 0.0 0.0 0.0 0.0 0.0 0.0 0.0 0.001055183936841786 0.001055183936841786 0.001055183936841786 0.002110379980877042 0.002110379980877042 0.002110379980877042 0.0031655640341341496 0.0031655640341341496 0.0031655640341341496 0.004220747854560614 0.004220747854560614 0.004220747854560614 0.005275944247841835 0.005275944247841835 0.005275944247841835 0.006331128068268299 0.006331128068268299 0.006331128068268299 0.007386311888694763 0.007386311888694763 0.007386311888694763 0.008441507816314697 0.008441507816314697 0.008441507816314697 0.009496692568063736 0.009496692568063736 0.009496692568063736 0.0105518763884902 0.0105518763884902 0.0105518763884902 0.011607072316110134 0.011607072316110134 0.011607072316110134 0.012662256136536598 0.012662256136536598 0.012662256136536598 0.013717439956963062 0.013717439956963062 0.013717439956963062 0.014772635884582996 0.014772635884582996 0.014772635884582996 0.01582781970500946 0.01582781970500946 0.01582781970500946 0.0168830044567585 0.0168830044567585 0.0168830044567585 0.017938200384378433 0.017938200384378433 0.017938200384378433 0.018993385136127472 0.018993385136127472 0.018993385136127472 0.02004856802523136 0.02004856802523136 0.02004856802523136 0.021103763952851295 0.021103763952851295 0.021103763952851295 0.022158948704600334 0.022158948704600334 0.022158948704600334 0.023214131593704224 0.023214131593704224 0.023214131593704224 0.024269327521324158 0.024269327521324158 0.024269327521324158 0.025324512273073196 0.025324512273073196 0.025324512273073196 0.026379697024822235 0.026379697024822235 0.026379697024822235 0.02743489295244217 0.02743489295244217 0.02743489295244217 0.02849007584154606 0.02849007584154606 0.02849007584154606 0.029545260593295097 0.029545260593295097 0.029545260593295097 0.03060045652091503 0.03060045652091503 0.03060045652091503 0.03165563941001892 0.03165563941001892 0.03165563941001892 0.03271082416176796 0.03271082416176796 0.03271082416176796 0.033766020089387894 0.033766020089387894 0.033766020089387894 0.03482120484113693 0.03482120484113693 0.03482120484113693 0.03587638959288597 0.03587638959288597 0.03587638959288597 0.036931585520505905 0.036931585520505905 0.036931585520505905 0.037986770272254944 0.037986770272254944 0.037986770272254944 0.039041951298713684 0.039041951298713684 0.039041951298713684 0.04009714722633362 0.04009714722633362 0.04009714722633362 0.04115233197808266 0.04115233197808266 0.04115233197808266 0.042207516729831696 0.042207516729831696 0.042207516729831696 0.04326271265745163 0.04326271265745163 0.04326271265745163 0.04431789740920067 0.04431789740920067 0.04431789740920067 0.04537308216094971 0.04537308216094971 0.04537308216094971 0.04642827808856964 0.04642827808856964 0.04642827808856964 0.04748345911502838 0.04748345911502838 0.04748345911502838 0.04853864386677742 0.04853864386677742 0.04853864386677742 0.049593839794397354 0.049593839794397354 0.049593839794397354 0.05064902454614639 0.05064902454614639 0.05064902454614639 0.05170420929789543 0.05170420929789543 0.05170420929789543 0.052759405225515366 0.052759405225515366 0.052759405225515366 0.053814589977264404 0.053814589977264404 0.053814589977264404 0.054869771003723145 0.054869771003723145 0.054869771003723145 0.05592496693134308 0.05592496693134308 0.05592496693134308 0.05698015168309212 0.05698015168309212 0.05698015168309212 0.058035336434841156 0.058035336434841156 0.058035336434841156 0.05909053236246109 0.05909053236246109 0.05909053236246109 0.06014571711421013 0.06014571711421013 0.06014571711421013 0.06120090186595917 0.06120090186595917 0.06120090186595917 0.0622560977935791 0.0622560977935791 0.0622560977935791 0.06331127882003784 0.06331127882003784 0.06331127882003784 0.06436646729707718 0.06436646729707718 0.06436646729707718 0.06542166322469711 0.06542166322469711 0.06542166322469711 0.06647684425115585 0.06647684425115585 0.06647684425115585 0.0675320252776146 0.0675320252776146 0.0675320252776146 0.06858722120523453 0.06858722120523453 0.06858722120523453 0.06964240968227386 0.06964240968227386 0.06964240968227386 0.0706975907087326 0.0706975907087326 0.0706975907087326 0.07175278663635254 0.07175278663635254 0.07175278663635254 0.07280797511339188 0.07280797511339188 0.07280797511339188 0.07386315613985062 0.07386315613985062 0.07386315613985062 0.07491835206747055 0.07491835206747055 0.07491835206747055 0.07597354054450989 0.07597354054450989 0.07597354054450989 0.07702872157096863 0.07702872157096863 0.07702872157096863 0.07808391749858856 0.07808391749858856 0.07808391749858856 0.0791390985250473 0.0791390985250473 0.0791390985250473 0.08019428700208664 0.08019428700208664 0.08019428700208664 0.08124948292970657 0.08124948292970657 0.08124948292970657 0.08230466395616531 0.08230466395616531 0.08230466395616531 0.08335985243320465 0.08335985243320465 0.08335985243320465 0.08441504836082458 0.08441504836082458 0.08441504836082458 0.08547022938728333 0.08547022938728333 0.08547022938728333 0.08652541041374207 0.08652541041374207 0.08652541041374207 0.087580606341362 0.087580606341362 0.087580606341362 0.08863579481840134 0.08863579481840134 0.08863579481840134 0.08969097584486008 0.08969097584486008 0.08969097584486008 0.09074617177248001 0.09074617177248001 0.09074617177248001 0.09180136024951935 0.09180136024951935 0.09180136024951935 0.09285654127597809 0.09285654127597809 0.09285654127597809 0.09391173720359802 0.09391173720359802 0.09391173720359802 0.09496691823005676 0.09496691823005676 0.09496691823005676 0.0960221067070961 0.0960221067070961 0.0960221067070961 0.09707730263471603 0.09707730263471603 0.09707730263471603 0.09813248366117477 0.09813248366117477 0.09813248366117477 0.09918767213821411 0.09918767213821411 0.09918767213821411 0.10024286806583405 0.10024286806583405 0.10024286806583405 0.10129804909229279 0.10129804909229279 0.10129804909229279 0.10235324501991272 0.10235324501991272 0.10235324501991272 0.10340841859579086 0.10340841859579086 0.10340841859579086 0.1044636145234108 0.1044636145234108 0.1044636145234108 0.10551881045103073 0.10551881045103073 0.10551881045103073 0.10657398402690887 0.10657398402690887 0.10657398402690887 0.10762917995452881 0.10762917995452881 0.10762917995452881 0.10868437588214874 0.10868437588214874 0.10868437588214874 0.10973954200744629 0.10973954200744629 0.10973954200744629 0.11079473793506622 0.11079473793506622 0.11079473793506622 0.11184993386268616 0.11184993386268616 0.11184993386268616 0.1129051074385643 0.1129051074385643 0.1129051074385643 0.11396030336618423 0.11396030336618423 0.11396030336618423 0.11501549929380417 0.11501549929380417 0.11501549929380417 0.11607067286968231 0.11607067286968231 0.11607067286968231 0.11712586879730225 0.11712586879730225 0.11712586879730225 0.11818106472492218 0.11818106472492218 0.11818106472492218 0.11923623830080032 0.11923623830080032 0.11923623830080032 0.12029143422842026 0.12029143422842026 0.12029143422842026 0.12134663015604019 0.12134663015604019 0.12134663015604019 0.12240180373191833 0.12240180373191833 0.12240180373191833 0.12345699965953827 0.12345699965953827 0.12345699965953827 0.1245121955871582 0.1245121955871582 0.1245121955871582 0.12556736171245575 0.12556736171245575 0.12556736171245575 0.12662255764007568 0.12662255764007568 0.12662255764007568 0.12767775356769562 0.12767775356769562 0.12767775356769562 0.12873293459415436 0.12873293459415436 0.12873293459415436 0.1297881305217743 0.1297881305217743 0.1297881305217743 0.13084332644939423 0.13084332644939423 0.13084332644939423 0.13189849257469177 0.13189849257469177 0.13189849257469177 0.1329536885023117 0.1329536885023117 0.1329536885023117 0.13400888442993164 0.13400888442993164 0.13400888442993164 0.1350640505552292 0.1350640505552292 0.1350640505552292 0.13611924648284912 0.13611924648284912 0.13611924648284912 0.13717444241046906 0.13717444241046906 0.13717444241046906 0.1382296234369278 0.1382296234369278 0.1382296234369278 0.13928481936454773 0.13928481936454773 0.13928481936454773 0.14034001529216766 0.14034001529216766 0.14034001529216766 0.1413951814174652 0.1413951814174652 0.1413951814174652 0.14245037734508514 0.14245037734508514 0.14245037734508514 0.14350557327270508 0.14350557327270508 0.14350557327270508 0.14456075429916382 0.14456075429916382 0.14456075429916382 0.14561595022678375 0.14561595022678375 0.14561595022678375 0.1466711461544037 0.1466711461544037 0.1466711461544037 0.14772631227970123 0.14772631227970123 0.14772631227970123 0.14878150820732117 0.14878150820732117 0.14878150820732117 0.1498367041349411 0.1498367041349411 0.1498367041349411 0.15089187026023865 0.15089187026023865 0.15089187026023865 0.15194708108901978 0.15194708108901978 0.15194708108901978 0.15300226211547852 0.15300226211547852 0.15300226211547852 0.15405745804309845 0.15405745804309845 0.15405745804309845 0.1551126390695572 0.1551126390695572 0.1551126390695572 0.15616782009601593 0.15616782009601593 0.15616782009601593 0.15722301602363586 0.15722301602363586 0.15722301602363586 0.1582781970500946 0.1582781970500946 0.1582781970500946 0.15933339297771454 0.15933339297771454 0.15933339297771454 0.16038858890533447 0.16038858890533447 0.16038858890533447 0.1614437699317932 0.1614437699317932 0.1614437699317932 0.16249895095825195 0.16249895095825195 0.16249895095825195 0.1635541468858719 0.1635541468858719 0.1635541468858719 0.16460932791233063 0.16460932791233063 0.16460932791233063 0.16566450893878937 0.16566450893878937 0.16566450893878937 0.1667197048664093 0.1667197048664093 0.1667197048664093 0.16777490079402924 0.16777490079402924 0.16777490079402924 0.16883008182048798 0.16883008182048798 0.16883008182048798 0.1698852777481079 0.1698852777481079 0.1698852777481079 0.17094045877456665 0.17094045877456665 0.17094045877456665 0.1719956398010254 0.1719956398010254 0.1719956398010254 0.17305083572864532 0.17305083572864532 0.17305083572864532 0.17410601675510406 0.17410601675510406 0.17410601675510406 0.175161212682724 0.175161212682724 0.175161212682724 0.17621640861034393 0.17621640861034393 0.17621640861034393 0.17727158963680267 0.17727158963680267 0.17727158963680267 0.1783267706632614 0.1783267706632614 0.1783267706632614 0.17938196659088135 0.17938196659088135 0.17938196659088135 0.1804371476173401 0.1804371476173401 0.1804371476173401 0.18149232864379883 0.18149232864379883 0.18149232864379883 0.18254752457141876 0.18254752457141876 0.18254752457141876 0.1836027204990387 0.1836027204990387 0.1836027204990387 0.18465790152549744 0.18465790152549744 0.18465790152549744 0.18571309745311737 0.18571309745311737 0.18571309745311737 0.1867682784795761 0.1867682784795761 0.1867682784795761 0.18782345950603485 0.18782345950603485 0.18782345950603485 0.18887865543365479 0.18887865543365479 0.18887865543365479 0.18993383646011353 0.18993383646011353 0.18993383646011353 0.19098903238773346 0.19098903238773346 0.19098903238773346 0.1920442283153534 0.1920442283153534 0.1920442283153534 0.19309940934181213 0.19309940934181213 0.19309940934181213 0.19415459036827087 0.19415459036827087 0.19415459036827087 0.1952097862958908 0.1952097862958908 0.1952097862958908 0.19626496732234955 0.19626496732234955 0.19626496732234955 0.1973201483488083 0.1973201483488083 0.1973201483488083 0.19837534427642822 0.19837534427642822 0.19837534427642822 0.19943054020404816 0.19943054020404816 0.19943054020404816 0.2004857212305069 0.2004857212305069 0.2004857212305069 0.20154091715812683 0.20154091715812683 0.20154091715812683" ramp_alpha="1.0 1.0 1.0 1.0 1.0 1.0 1.0 1.0 1.0 1.0 1.0 1.0 1.0 1.0 1.0 1.0 1.0 1.0 1.0 1.0 1.0 1.0 1.0 1.0 1.0 1.0 1.0 1.0 1.0 1.0 1.0 1.0 1.0 1.0 1.0 1.0 1.0 1.0 1.0 1.0 1.0 1.0 1.0 1.0 1.0 1.0 1.0 1.0 1.0 1.0 1.0 1.0 1.0 1.0 1.0 1.0 1.0 1.0 1.0 1.0 1.0 1.0 1.0 1.0 1.0 1.0 1.0 1.0 1.0 1.0 1.0 1.0 1.0 1.0 1.0 1.0 1.0 1.0 1.0 1.0 1.0 1.0 1.0 1.0 1.0 1.0 1.0 1.0 1.0 1.0 1.0 1.0 1.0 1.0 1.0 1.0 1.0 1.0 1.0 1.0 1.0 1.0 1.0 1.0 1.0 1.0 1.0 1.0 1.0 1.0 1.0 1.0 1.0 1.0 1.0 1.0 1.0 1.0 1.0 1.0 1.0 1.0 1.0 1.0 1.0 1.0 1.0 1.0 1.0 1.0 1.0 1.0 1.0 1.0 1.0 1.0 1.0 1.0 1.0 1.0 1.0 1.0 1.0 1.0 1.0 1.0 1.0 1.0 1.0 1.0 1.0 1.0 1.0 1.0 1.0 1.0 1.0 1.0 1.0 1.0 1.0 1.0 1.0 1.0 1.0 1.0 1.0 1.0 1.0 1.0 1.0 1.0 1.0 1.0 1.0 1.0 1.0 1.0 1.0 1.0 1.0 1.0 1.0 1.0 1.0 1.0 1.0 1.0 1.0 1.0 1.0 1.0 1.0 1.0 1.0 1.0 1.0 1.0 1.0 1.0 1.0 1.0 1.0 1.0 1.0 1.0 1.0 1.0 1.0 1.0 1.0 1.0 1.0 1.0 1.0 1.0 1.0 1.0 1.0 1.0 1.0 1.0 1.0 1.0 1.0 1.0 1.0 1.0 1.0 1.0 1.0 1.0 1.0 1.0 1.0 1.0 1.0 1.0 1.0 1.0 1.0 1.0 1.0 1.0 1.0 1.0 1.0 1.0 1.0 1.0 1.0 1.0 1.0 1.0 1.0 1.0">
			<input name="Fac" type="float"/>
			<output name="Color" type="color"/>
			<output name="Alpha" type="float"/>
		</rgb_ramp>
		<math name="Math" type="multiply" use_clamp="False">
			<input name="Value1" type="float"/>
			<input name="Value2" type="float" value="15.0" /> 
			<output name="Value" type="float"/>
		</math>
		<mix name="Mix.002" type="mix" use_clamp="False">
			<input name="Fac" type="float" value="0.35" /> 
			<input name="Color1" type="color"/>
			<input name="Color2" type="color"/>
			<output name="Color" type="color"/>
		</mix>
		<mix name="Mix" type="mix" use_clamp="False">
			<input name="Fac" type="float"/>
			<input name="Color1" type="color"/>
			<input name="Color2" type="color"/>
			<output name="Color" type="color"/>
		</mix>
		<mix name="Mix.003" type="mix" use_clamp="False">
			<input name="Fac" type="float" value="0.4" /> 
			<input name="Color1" type="color"/>
			<input name="Color2" type="color"/>
			<output name="Color" type="color"/>
		</mix>
		<bump name="Bump">
			<input name="Strength" type="float" value="0.5" /> 
			<input name="Distance" type="float" value="1.0" /> 
			<input name="Height" type="float"/>
			<input name="Normal" type="vector" value="0.0 0.0 0.0"/> 
			<output name="Normal" type="vector"/>
		</bump>
		<texture_coordinate name="Texture Coordinate.002">
			<output name="Generated" type="vector"/>
			<output name="Normal" type="vector"/>
			<output name="UV" type="vector"/>
			<output name="Object" type="vector"/>
			<output name="Camera" type="vector"/>
			<output name="Window" type="vector"/>
			<output name="Reflection" type="vector"/>
		</texture_coordinate>
		<mapping name="Mapping.003" tex_mapping.type="point" tex_mapping.use_minmax="False" location="0.0 0.0 0.0" rotation="0.0 0.0 0.0" scale="1.0 5.0 1.0">
			<input name="Vector" type="vector"/>
			<output name="Vector" type="vector"/>
		</mapping>
		<noise_texture name="Noise Texture.007">
			<input name="Vector" type="vector"/>
			<input name="Scale" type="float" value="0.125" /> 
			<input name="Detail" type="float" value="5.0" /> 
			<input name="Distortion" type="float" value="25.0" /> 
			<output name="Color" type="color"/>
			<output name="Fac" type="float"/>
		</noise_texture>
		<rgb_ramp name="ColorRamp.004" interpolate="True" ramp="0.0 0.0 0.0 0.0 0.0 0.0 0.0 0.0 0.0 0.0 0.0 0.0 0.0 0.0 0.0 0.0 0.0 0.0 0.0 0.0 0.0 0.0 0.0 0.0 0.0 0.0 0.0 0.0 0.0 0.0 0.0 0.0 0.0 0.0 0.0 0.0 0.0 0.0 0.0 0.0 0.0 0.0 0.0 0.0 0.0 0.0 0.0 0.0 0.0 0.0 0.0 0.0 0.0 0.0 0.0 0.0 0.0 0.0 0.0 0.0 0.0 0.0 0.0 0.0 0.0 0.0 0.0 0.0 0.0 0.0 0.0 0.0 0.0 0.0 0.0 0.0 0.0 0.0 0.0 0.0 0.0 0.0 0.0 0.0 0.0 0.0 0.0 0.0 0.0 0.0 0.0 0.0 0.0 0.0 0.0 0.0 0.0 0.0 0.0 0.0 0.0 0.0 0.0 0.0 0.0 0.0 0.0 0.0 0.0 0.0 0.0 0.0 0.0 0.0 0.0 0.0 0.0 0.0 0.0 0.0 0.0 0.0 0.0 0.0 0.0 0.0 0.0 0.0 0.0 0.0 0.0 0.0 0.0 0.0 0.0 0.0 0.0 0.0 0.0 0.0 0.0 0.0 0.0 0.0 0.0 0.0 0.0 0.0 0.0 0.0 0.0 0.0 0.0 0.0 0.0 0.0 0.0 0.0 0.0 0.0 0.0 0.0 0.0 0.0 0.0 0.0 0.0 0.0 0.0 0.0 0.0 0.0 0.0 0.0 0.0 0.0 0.0 0.0 0.0 0.0 0.0 0.0 0.0 0.0 0.0 0.0 0.0 0.0 0.0 0.0 0.0 0.0 0.0 0.0 0.0 0.0 0.0 0.0 0.0 0.0 0.0 0.0 0.0 0.0 0.0 0.0 0.0 0.0 0.0 0.0 0.0 0.0 0.0 0.0 0.0 0.0 0.0 0.0 0.0 0.0 0.0 0.0 0.0 0.0 0.0 0.0 0.0 0.0 0.0 0.0 0.0 0.0 0.0 0.0 5.508849790203385e-05 5.508849790203385e-05 5.508849790203385e-05 0.0015700655058026314 0.0015700655058026314 0.0015700655058026314 0.0030850302428007126 0.0030850302428007126 0.0030850302428007126 0.004600007086992264 0.004600007086992264 0.004600007086992264 0.006114984396845102 0.006114984396845102 0.006114984396845102 0.0076299491338431835 0.0076299491338431835 0.0076299491338431835 0.009144926443696022 0.009144926443696022 0.009144926443696022 0.010659903287887573 0.010659903287887573 0.010659903287887573 0.012174880132079124 0.012174880132079124 0.012174880132079124 0.013689844869077206 0.013689844869077206 0.013689844869077206 0.015204821713268757 0.015204821713268757 0.015204821713268757 0.016719799488782883 0.016719799488782883 0.016719799488782883 0.01823476329445839 0.01823476329445839 0.01823476329445839 0.01974974013864994 0.01974974013864994 0.01974974013864994 0.02126471698284149 0.02126471698284149 0.02126471698284149 0.022779695689678192 0.022779695689678192 0.022779695689678192 0.0242946594953537 0.0242946594953537 0.0242946594953537 0.02580963633954525 0.02580963633954525 0.02580963633954525 0.0273246131837368 0.0273246131837368 0.0273246131837368 0.028839578852057457 0.028839578852057457 0.028839578852057457 0.030354555696249008 0.030354555696249008 0.030354555696249008 0.03186953067779541 0.03186953067779541 0.03186953067779541 0.03338450938463211 0.03338450938463211 0.03338450938463211 0.03489947319030762 0.03489947319030762 0.03489947319030762 0.03641445189714432 0.03641445189714432 0.03641445189714432 0.03792942687869072 0.03792942687869072 0.03792942687869072 0.03944440558552742 0.03944440558552742 0.03944440558552742 0.04095936939120293 0.04095936939120293 0.04095936939120293 0.04247434809803963 0.04247434809803963 0.04247434809803963 0.04398932307958603 0.04398932307958603 0.04398932307958603 0.045504286885261536 0.045504286885261536 0.045504286885261536 0.047019265592098236 0.047019265592098236 0.047019265592098236 0.048534244298934937 0.048534244298934937 0.048534244298934937 0.05004921928048134 0.05004921928048134 0.05004921928048134 0.051564183086156845 0.051564183086156845 0.051564183086156845 0.053079161792993546 0.053079161792993546 0.053079161792993546 0.05459413677453995 0.05459413677453995 0.05459413677453995 0.05610910430550575 0.05610910430550575 0.05610910430550575 0.057624079287052155 0.057624079287052155 0.057624079287052155 0.059139057993888855 0.059139057993888855 0.059139057993888855 0.06065403297543526 0.06065403297543526 0.06065403297543526 0.06216900050640106 0.06216900050640106 0.06216900050640106 0.06368397921323776 0.06368397921323776 0.06368397921323776 0.06519895046949387 0.06519895046949387 0.06519895046949387 0.06671391427516937 0.06671391427516937 0.06671391427516937 0.06822889298200607 0.06822889298200607 0.06822889298200607 0.06974387168884277 0.06974387168884277 0.06974387168884277 0.07125885039567947 0.07125885039567947 0.07125885039567947 0.07277381420135498 0.07277381420135498 0.07277381420135498 0.07428879290819168 0.07428879290819168 0.07428879290819168 0.07580376416444778 0.07580376416444778 0.07580376416444778 0.07731873542070389 0.07731873542070389 0.07731873542070389 0.07883370667695999 0.07883370667695999 0.07883370667695999 0.08034868538379669 0.08034868538379669 0.08034868538379669 0.08186366409063339 0.08186366409063339 0.08186366409063339 0.0833786278963089 0.0833786278963089 0.0833786278963089 0.0848936066031456 0.0848936066031456 0.0848936066031456 0.0864085853099823 0.0864085853099823 0.0864085853099823 0.0879235491156578 0.0879235491156578 0.0879235491156578 0.0894385278224945 0.0894385278224945 0.0894385278224945 0.09095349907875061 0.09095349907875061 0.09095349907875061 0.09246847778558731 0.09246847778558731 0.09246847778558731 0.09398344159126282 0.09398344159126282 0.09398344159126282 0.09549842029809952 0.09549842029809952 0.09549842029809952 0.09701339900493622 0.09701339900493622 0.09701339900493622 0.09852836281061172 0.09852836281061172 0.09852836281061172 0.10004334151744843 0.10004334151744843 0.10004334151744843 0.10155831277370453 0.10155831277370453 0.10155831277370453 0.10307329148054123 0.10307329148054123 0.10307329148054123 0.10458827018737793 0.10458827018737793 0.10458827018737793 0.10610323399305344 0.10610323399305344 0.10610323399305344 0.10761819779872894 0.10761819779872894 0.10761819779872894 0.10913317650556564 0.10913317650556564 0.10913317650556564 0.11064815521240234 0.11064815521240234 0.11064815521240234 0.11216313391923904 0.11216313391923904 0.11216313391923904 0.11367810517549515 0.11367810517549515 0.11367810517549515 0.11519308388233185 0.11519308388233185 0.11519308388233185 0.11670804768800735 0.11670804768800735 0.11670804768800735 0.11822302639484406 0.11822302639484406 0.11822302639484406 0.11973799020051956 0.11973799020051956 0.11973799020051956 0.12125296890735626 0.12125296890735626 0.12125296890735626 0.12276794761419296 0.12276794761419296 0.12276794761419296 0.12428291887044907 0.12428291887044907 0.12428291887044907 0.12579789757728577 0.12579789757728577 0.12579789757728577 0.12731286883354187 0.12731286883354187 0.12731286883354187 0.12882784008979797 0.12882784008979797 0.12882784008979797 0.13034281134605408 0.13034281134605408 0.13034281134605408 0.13185778260231018 0.13185778260231018 0.13185778260231018 0.13337275385856628 0.13337275385856628 0.13337275385856628 0.13488774001598358 0.13488774001598358 0.13488774001598358 0.13640271127223969 0.13640271127223969 0.13640271127223969 0.1379176825284958 0.1379176825284958 0.1379176825284958 0.1394326537847519 0.1394326537847519 0.1394326537847519 0.140947625041008 0.140947625041008 0.140947625041008 0.1424625962972641 0.1424625962972641 0.1424625962972641 0.1439775675535202 0.1439775675535202 0.1439775675535202 0.1454925537109375 0.1454925537109375 0.1454925537109375 0.1470075249671936 0.1470075249671936 0.1470075249671936 0.1485224962234497 0.1485224962234497 0.1485224962234497 0.1500374674797058 0.1500374674797058 0.1500374674797058 0.15155243873596191 0.15155243873596191 0.15155243873596191 0.15306740999221802 0.15306740999221802 0.15306740999221802 0.15458239614963531 0.15458239614963531 0.15458239614963531 0.15609736740589142 0.15609736740589142 0.15609736740589142 0.15761232376098633 0.15761232376098633 0.15761232376098633 0.15912730991840363 0.15912730991840363 0.15912730991840363 0.16064228117465973 0.16064228117465973 0.16064228117465973 0.16215725243091583 0.16215725243091583 0.16215725243091583 0.16367222368717194 0.16367222368717194 0.16367222368717194 0.16518720984458923 0.16518720984458923 0.16518720984458923 0.16670218110084534 0.16670218110084534 0.16670218110084534 0.16821715235710144 0.16821715235710144 0.16821715235710144 0.16973212361335754 0.16973212361335754 0.16973212361335754 0.17124709486961365 0.17124709486961365 0.17124709486961365 0.17276206612586975 0.17276206612586975 0.17276206612586975 0.17427703738212585 0.17427703738212585 0.17427703738212585 0.17579202353954315 0.17579202353954315 0.17579202353954315 0.17730699479579926 0.17730699479579926 0.17730699479579926 0.17882196605205536 0.17882196605205536 0.17882196605205536 0.18033693730831146 0.18033693730831146 0.18033693730831146 0.18185190856456757 0.18185190856456757 0.18185190856456757 0.18336687982082367 0.18336687982082367 0.18336687982082367 0.18488185107707977 0.18488185107707977 0.18488185107707977 0.18639683723449707 0.18639683723449707 0.18639683723449707 0.18791180849075317 0.18791180849075317 0.18791180849075317 0.18942677974700928 0.18942677974700928 0.18942677974700928 0.19094175100326538 0.19094175100326538 0.19094175100326538 0.19245672225952148 0.19245672225952148 0.19245672225952148 0.19397170841693878 0.19397170841693878 0.19397170841693878 0.1954866647720337 0.1954866647720337 0.1954866647720337 0.197001650929451 0.197001650929451 0.197001650929451 0.1985166221857071 0.1985166221857071 0.1985166221857071 0.2000315934419632 0.2000315934419632 0.2000315934419632 0.2015465646982193 0.2015465646982193 0.2015465646982193 0.2030615359544754 0.2030615359544754 0.2030615359544754 0.2045765221118927 0.2045765221118927 0.2045765221118927 0.2060914784669876 0.2060914784669876 0.2060914784669876 0.2076064646244049 0.2076064646244049 0.2076064646244049 0.20801971852779388 0.20801971852779388 0.20801971852779388 0.20801971852779388 0.20801971852779388 0.20801971852779388 0.20801971852779388 0.20801971852779388 0.20801971852779388 0.20801971852779388 0.20801971852779388 0.20801971852779388 0.20801971852779388 0.20801971852779388 0.20801971852779388 0.20801971852779388 0.20801971852779388 0.20801971852779388 0.20801971852779388 0.20801971852779388 0.20801971852779388 0.20801971852779388 0.20801971852779388 0.20801971852779388 0.20801971852779388 0.20801971852779388 0.20801971852779388 0.20801971852779388 0.20801971852779388 0.20801971852779388 0.20801971852779388 0.20801971852779388 0.20801971852779388 0.20801971852779388 0.20801971852779388 0.20801971852779388 0.20801971852779388 0.20801971852779388 0.20801971852779388 0.20801971852779388 0.20801971852779388 0.20801971852779388 0.20801971852779388 0.20801971852779388 0.20801971852779388 0.20801971852779388 0.20801971852779388 0.20801971852779388 0.20801971852779388 0.20801971852779388 0.20801971852779388 0.20801971852779388 0.20801971852779388 0.20801971852779388 0.20801971852779388 0.20801971852779388 0.20801971852779388 0.20801971852779388 0.20801971852779388 0.20801971852779388 0.20801971852779388 0.20801971852779388 0.20801971852779388 0.20801971852779388 0.20801971852779388 0.20801971852779388 0.20801971852779388 0.20801971852779388 0.20801971852779388 0.20801971852779388 0.20801971852779388 0.20801971852779388 0.20801971852779388 0.20801971852779388 0.20801971852779388 0.20801971852779388 0.20801971852779388 0.20801971852779388 0.20801971852779388 0.20801971852779388 0.20801971852779388 0.20801971852779388 0.20801971852779388 0.20801971852779388 0.20801971852779388 0.20801971852779388 0.20801971852779388 0.20801971852779388 0.20801971852779388 0.20801971852779388 0.20801971852779388 0.20801971852779388 0.20801971852779388 0.20801971852779388 0.20801971852779388 0.20801971852779388 0.20801971852779388 0.20801971852779388 0.20801971852779388 0.20801971852779388 0.20801971852779388 0.20801971852779388 0.20801971852779388 0.20801971852779388 0.20801971852779388 0.20801971852779388 0.20801971852779388 0.20801971852779388 0.20801971852779388 0.20801971852779388 0.20801971852779388 0.20801971852779388 0.20801971852779388 0.20801971852779388 0.20801971852779388 0.20801971852779388 0.20801971852779388 0.20801971852779388 0.20801971852779388 0.20801971852779388" ramp_alpha="1.0 1.0 1.0 1.0 1.0 1.0 1.0 1.0 1.0 1.0 1.0 1.0 1.0 1.0 1.0 1.0 1.0 1.0 1.0 1.0 1.0 1.0 1.0 1.0 1.0 1.0 1.0 1.0 1.0 1.0 1.0 1.0 1.0 1.0 1.0 1.0 1.0 1.0 1.0 1.0 1.0 1.0 1.0 1.0 1.0 1.0 1.0 1.0 1.0 1.0 1.0 1.0 1.0 1.0 1.0 1.0 1.0 1.0 1.0 1.0 1.0 1.0 1.0 1.0 1.0 1.0 1.0 1.0 1.0 1.0 1.0 1.0 1.0 1.0 1.0 1.0 1.0 1.0 1.0 1.0 1.0 1.0 1.0 1.0 1.0 1.0 1.0 1.0 1.0 1.0 1.0 1.0 1.0 1.0 1.0 1.0 1.0 1.0 1.0 1.0 1.0 1.0 1.0 1.0 1.0 1.0 1.0 1.0 1.0 1.0 1.0 1.0 1.0 1.0 1.0 1.0 1.0 1.0 1.0 1.0 1.0 1.0 1.0 1.0 1.0 1.0 1.0 1.0 1.0 1.0 1.0 1.0 1.0 1.0 1.0 1.0 1.0 1.0 1.0 1.0 1.0 1.0 1.0 1.0 1.0 1.0 1.0 1.0 1.0 1.0 1.0 1.0 1.0 1.0 1.0 1.0 1.0 1.0 1.0 1.0 1.0 1.0 1.0 1.0 1.0 1.0 1.0 1.0 1.0 1.0 1.0 1.0 1.0 1.0 1.0 1.0 1.0 1.0 1.0 1.0 1.0 1.0 1.0 1.0 1.0 1.0 1.0 1.0 1.0 1.0 1.0 1.0 1.0 1.0 1.0 1.0 1.0 1.0 1.0 1.0 1.0 1.0 1.0 1.0 1.0 1.0 1.0 1.0 1.0 1.0 1.0 1.0 1.0 1.0 1.0 1.0 1.0 1.0 1.0 1.0 1.0 1.0 1.0 1.0 1.0 1.0 1.0 1.0 1.0 1.0 1.0 1.0 1.0 1.0 1.0 1.0 1.0 1.0 1.0 1.0 1.0 1.0 1.0 1.0 1.0 1.0 1.0 1.0 1.0 1.0 1.0 1.0 1.0 1.0 1.0 1.0">
			<input name="Fac" type="float"/>
			<output name="Color" type="color"/>
			<output name="Alpha" type="float"/>
		</rgb_ramp>
		<math name="Math.004" type="multiply" use_clamp="False">
			<input name="Value1" type="float"/>
			<input name="Value2" type="float" value="0.7" /> 
			<output name="Value" type="float"/>
		</math>
		<noise_texture name="Noise Texture.006">
			<input name="Vector" type="vector" value="0.0 0.0 0.0"/> 
			<input name="Scale" type="float" value="125.0" /> 
			<input name="Detail" type="float" value="5.0" /> 
			<input name="Distortion" type="float" value="12.0" /> 
			<output name="Color" type="color"/>
			<output name="Fac" type="float"/>
		</noise_texture>
		<math name="Math.002" type="multiply" use_clamp="False">
			<input name="Value1" type="float"/>
			<input name="Value2" type="float" value="0.5" /> 
			<output name="Value" type="float"/>
		</math>
		<noise_texture name="Noise Texture.004">
			<input name="Vector" type="vector" value="0.0 0.0 0.0"/> 
			<input name="Scale" type="float" value="5.0" /> 
			<input name="Detail" type="float" value="5.0" /> 
			<input name="Distortion" type="float" value="25.0" /> 
			<output name="Color" type="color"/>
			<output name="Fac" type="float"/>
		</noise_texture>
		<rgb_ramp name="ColorRamp.002" interpolate="True" ramp="0.0 0.0 0.0 0.0 0.0 0.0 0.0 0.0 0.0 0.0 0.0 0.0 0.0 0.0 0.0 0.0 0.0 0.0 0.0 0.0 0.0 0.0 0.0 0.0 0.0 0.0 0.0 0.0 0.0 0.0 0.0 0.0 0.0 0.0 0.0 0.0 0.0 0.0 0.0 0.0 0.0 0.0 0.0 0.0 0.0 0.0 0.0 0.0 0.0 0.0 0.0 0.0 0.0 0.0 0.0 0.0 0.0 0.0 0.0 0.0 0.0 0.0 0.0 0.0 0.0 0.0 0.0 0.0 0.0 0.0 0.0 0.0 0.0 0.0 0.0 0.0 0.0 0.0 0.0 0.0 0.0 0.0 0.0 0.0 0.0 0.0 0.0 0.0 0.0 0.0 0.0 0.0 0.0 0.0 0.0 0.0 0.0 0.0 0.0 0.0 0.0 0.0 0.0 0.0 0.0 0.0 0.0 0.0 0.0 0.0 0.0 0.0 0.0 0.0 0.0 0.0 0.0 0.0 0.0 0.0 0.0 0.0 0.0 0.0 0.0 0.0 0.0 0.0 0.0 0.0 0.0 0.0 0.0 0.0 0.0 0.0 0.0 0.0 0.0 0.0 0.0 0.0 0.0 0.0 0.0 0.0 0.0 0.0 0.0 0.0 0.0 0.0 0.0 0.0 0.0 0.0 0.0 0.0 0.0 0.0 0.0 0.0 0.0 0.0 0.0 0.0 0.0 0.0 0.0 0.0 0.0 0.0 0.0 0.0 0.0 0.0 0.0 0.0 0.0 0.0 0.0 0.0 0.0 0.0 0.0 0.0 0.0 0.0 0.0 0.0 0.0 0.0 0.0 0.0 0.0 0.0 0.0 0.0 0.0 0.0 0.0 0.0 0.0 0.0 0.0 0.0 0.0 0.0 0.0 0.0 0.0 0.0 0.0 0.0 0.0 0.0 0.0 0.0 0.0 0.0 0.0 0.0 0.0 0.0 0.0 0.0 0.0 0.0 0.0 0.0 0.0 0.0 0.0 0.0 0.0 0.0 0.0 0.0 0.0 0.0 0.0 0.0 0.0 0.0 0.0 0.0 0.0 0.0 0.0 0.0 0.0 0.0 0.0 0.0 0.0 0.0 0.0 0.0 0.0 0.0 0.0 0.0 0.0 0.0 0.0 0.0 0.0 0.0 0.0 0.0 0.0 0.0 0.0 0.0 0.0 0.0 0.0 0.0 0.0 0.0 0.0 0.0 0.0 0.0 0.0 0.0 0.0 0.0 0.0 0.0 0.0 0.0 0.0 0.0 0.0 0.0 0.0 0.0 0.0 0.0 0.0 0.0 0.0 0.0 0.0 0.0 0.0 0.0 0.0 0.0 0.0 0.0 0.0033186674118041992 0.0033186674118041992 0.0033186674118041992 0.01092374324798584 0.01092374324798584 0.01092374324798584 0.01852881908416748 0.01852881908416748 0.01852881908416748 0.02613389492034912 0.02613389492034912 0.02613389492034912 0.03373897075653076 0.03373897075653076 0.03373897075653076 0.0413440465927124 0.0413440465927124 0.0413440465927124 0.04894918203353882 0.04894918203353882 0.04894918203353882 0.05655425786972046 0.05655425786972046 0.05655425786972046 0.0641593337059021 0.0641593337059021 0.0641593337059021 0.07176440954208374 0.07176440954208374 0.07176440954208374 0.07936948537826538 0.07936948537826538 0.07936948537826538 0.0869746208190918 0.0869746208190918 0.0869746208190918 0.09457969665527344 0.09457969665527344 0.09457969665527344 0.10218477249145508 0.10218477249145508 0.10218477249145508 0.10978984832763672 0.10978984832763672 0.10978984832763672 0.11739492416381836 0.11739492416381836 0.11739492416381836 0.125 0.125 0.125 0.13260513544082642 0.13260513544082642 0.13260513544082642 0.14021021127700806 0.14021021127700806 0.14021021127700806 0.1478152871131897 0.1478152871131897 0.1478152871131897 0.15542036294937134 0.15542036294937134 0.15542036294937134 0.16302543878555298 0.16302543878555298 0.16302543878555298 0.1706305742263794 0.1706305742263794 0.1706305742263794 0.17823565006256104 0.17823565006256104 0.17823565006256104 0.18584072589874268 0.18584072589874268 0.18584072589874268 0.19344580173492432 0.19344580173492432 0.19344580173492432 0.20105087757110596 0.20105087757110596 0.20105087757110596 0.20865601301193237 0.20865601301193237 0.20865601301193237 0.216261088848114 0.216261088848114 0.216261088848114 0.22386616468429565 0.22386616468429565 0.22386616468429565 0.2314712405204773 0.2314712405204773 0.2314712405204773 0.23907631635665894 0.23907631635665894 0.23907631635665894 0.24668139219284058 0.24668139219284058 0.24668139219284058 0.254286527633667 0.254286527633667 0.254286527633667 0.26189160346984863 0.26189160346984863 0.26189160346984863 0.2694966793060303 0.2694966793060303 0.2694966793060303 0.2771017551422119 0.2771017551422119 0.2771017551422119 0.28470683097839355 0.28470683097839355 0.28470683097839355 0.29231196641921997 0.29231196641921997 0.29231196641921997 0.2999170422554016 0.2999170422554016 0.2999170422554016 0.30752211809158325 0.30752211809158325 0.30752211809158325 0.3151271939277649 0.3151271939277649 0.3151271939277649 0.32273226976394653 0.32273226976394653 0.32273226976394653 0.33033740520477295 0.33033740520477295 0.33033740520477295 0.3379424810409546 0.3379424810409546 0.3379424810409546 0.34554755687713623 0.34554755687713623 0.34554755687713623 0.35315263271331787 0.35315263271331787 0.35315263271331787 0.3607577085494995 0.3607577085494995 0.3607577085494995 0.36836278438568115 0.36836278438568115 0.36836278438568115 0.37596791982650757 0.37596791982650757 0.37596791982650757 0.3835729956626892 0.3835729956626892 0.3835729956626892 0.39117807149887085 0.39117807149887085 0.39117807149887085 0.3987831473350525 0.3987831473350525 0.3987831473350525 0.40638822317123413 0.40638822317123413 0.40638822317123413 0.41399335861206055 0.41399335861206055 0.41399335861206055 0.4215984344482422 0.4215984344482422 0.4215984344482422 0.42920351028442383 0.42920351028442383 0.42920351028442383 0.43680858612060547 0.43680858612060547 0.43680858612060547 0.4444136619567871 0.4444136619567871 0.4444136619567871 0.45201873779296875 0.45201873779296875 0.45201873779296875 0.45962387323379517 0.45962387323379517 0.45962387323379517 0.4672289490699768 0.4672289490699768 0.4672289490699768 0.47483402490615845 0.47483402490615845 0.47483402490615845 0.4824391007423401 0.4824391007423401 0.4824391007423401 0.49004417657852173 0.49004417657852173 0.49004417657852173 0.49764931201934814 0.49764931201934814 0.49764931201934814 0.5052543878555298 0.5052543878555298 0.5052543878555298 0.5128594636917114 0.5128594636917114 0.5128594636917114 0.5204645395278931 0.5204645395278931 0.5204645395278931 0.5280696153640747 0.5280696153640747 0.5280696153640747 0.5356746912002563 0.5356746912002563 0.5356746912002563 0.543279767036438 0.543279767036438 0.543279767036438 0.5508849024772644 0.5508849024772644 0.5508849024772644 0.558489978313446 0.558489978313446 0.558489978313446 0.5660951137542725 0.5660951137542725 0.5660951137542725 0.5737001895904541 0.5737001895904541 0.5737001895904541 0.5813052654266357 0.5813052654266357 0.5813052654266357 0.5889103412628174 0.5889103412628174 0.5889103412628174 0.596515417098999 0.596515417098999 0.596515417098999 0.6041204929351807 0.6041204929351807 0.6041204929351807 0.6117255687713623 0.6117255687713623 0.6117255687713623 0.619330644607544 0.619330644607544 0.619330644607544 0.6269357800483704 0.6269357800483704 0.6269357800483704 0.634540855884552 0.634540855884552 0.634540855884552 0.6421459317207336 0.6421459317207336 0.6421459317207336 0.6497510671615601 0.6497510671615601 0.6497510671615601 0.6573561429977417 0.6573561429977417 0.6573561429977417 0.6649612188339233 0.6649612188339233 0.6649612188339233 0.672566294670105 0.672566294670105 0.672566294670105 0.6801713705062866 0.6801713705062866 0.6801713705062866 0.6877764463424683 0.6877764463424683 0.6877764463424683 0.6953815221786499 0.6953815221786499 0.6953815221786499 0.7029865980148315 0.7029865980148315 0.7029865980148315 0.710591733455658 0.710591733455658 0.710591733455658 0.7181968092918396 0.7181968092918396 0.7181968092918396 0.7258018851280212 0.7258018851280212 0.7258018851280212 0.7334070205688477 0.7334070205688477 0.7334070205688477 0.7410120964050293 0.7410120964050293 0.7410120964050293 0.7486171722412109 0.7486171722412109 0.7486171722412109 0.7562222480773926 0.7562222480773926 0.7562222480773926 0.7638273239135742 0.7638273239135742 0.7638273239135742 0.7714323997497559 0.7714323997497559 0.7714323997497559 0.7790374755859375 0.7790374755859375 0.7790374755859375 0.7866426110267639 0.7866426110267639 0.7866426110267639 0.7942476868629456 0.7942476868629456 0.7942476868629456 0.8018527626991272 0.8018527626991272 0.8018527626991272 0.8094578385353088 0.8094578385353088 0.8094578385353088 0.8170629739761353 0.8170629739761353 0.8170629739761353 0.8246680498123169 0.8246680498123169 0.8246680498123169 0.8322731256484985 0.8322731256484985 0.8322731256484985 0.8398782014846802 0.8398782014846802 0.8398782014846802 0.8474832773208618 0.8474832773208618 0.8474832773208618 0.8550883531570435 0.8550883531570435 0.8550883531570435 0.8626934289932251 0.8626934289932251 0.8626934289932251 0.8702985644340515 0.8702985644340515 0.8702985644340515 0.8779036402702332 0.8779036402702332 0.8779036402702332 0.8855087161064148 0.8855087161064148 0.8855087161064148 0.8931137919425964 0.8931137919425964 0.8931137919425964 0.9007189273834229 0.9007189273834229 0.9007189273834229 0.9083240032196045 0.9083240032196045 0.9083240032196045 0.9159290790557861 0.9159290790557861 0.9159290790557861 0.9235341548919678 0.9235341548919678 0.9235341548919678 0.9311392307281494 0.9311392307281494 0.9311392307281494 0.938744306564331 0.938744306564331 0.938744306564331 0.9463494420051575 0.9463494420051575 0.9463494420051575 0.9539545178413391 0.9539545178413391 0.9539545178413391 0.9615595936775208 0.9615595936775208 0.9615595936775208 0.9691646695137024 0.9691646695137024 0.9691646695137024 0.976769745349884 0.976769745349884 0.976769745349884 0.9843748807907104 0.9843748807907104 0.9843748807907104 0.9919799566268921 0.9919799566268921 0.9919799566268921 0.9995850324630737 0.9995850324630737 0.9995850324630737 1.0 1.0 1.0 1.0 1.0 1.0 1.0 1.0 1.0 1.0 1.0 1.0 1.0 1.0 1.0 1.0 1.0 1.0 1.0 1.0 1.0 1.0 1.0 1.0 1.0 1.0 1.0 1.0 1.0 1.0 1.0 1.0 1.0 1.0 1.0 1.0 1.0 1.0 1.0 1.0 1.0 1.0 1.0 1.0 1.0 1.0 1.0 1.0 1.0 1.0 1.0 1.0 1.0 1.0 1.0 1.0 1.0 1.0 1.0 1.0" ramp_alpha="1.0 1.0 1.0 1.0 1.0 1.0 1.0 1.0 1.0 1.0 1.0 1.0 1.0 1.0 1.0 1.0 1.0 1.0 1.0 1.0 1.0 1.0 1.0 1.0 1.0 1.0 1.0 1.0 1.0 1.0 1.0 1.0 1.0 1.0 1.0 1.0 1.0 1.0 1.0 1.0 1.0 1.0 1.0 1.0 1.0 1.0 1.0 1.0 1.0 1.0 1.0 1.0 1.0 1.0 1.0 1.0 1.0 1.0 1.0 1.0 1.0 1.0 1.0 1.0 1.0 1.0 1.0 1.0 1.0 1.0 1.0 1.0 1.0 1.0 1.0 1.0 1.0 1.0 1.0 1.0 1.0 1.0 1.0 1.0 1.0 1.0 1.0 1.0 1.0 1.0 1.0 1.0 1.0 1.0 1.0 1.0 1.0 1.0 1.0 1.0 1.0 1.0 1.0 1.0 1.0 1.0 1.0 1.0 1.0 1.0 1.0 1.0 1.0 1.0 1.0 1.0 1.0 1.0 1.0 1.0 1.0 1.0 1.0 1.0 1.0 1.0 1.0 1.0 1.0 1.0 1.0 1.0 1.0 1.0 1.0 1.0 1.0 1.0 1.0 1.0 1.0 1.0 1.0 1.0 1.0 1.0 1.0 1.0 1.0 1.0 1.0 1.0 1.0 1.0 1.0 1.0 1.0 1.0 1.0 1.0 1.0 1.0 1.0 1.0 1.0 1.0 1.0 1.0 1.0 1.0 1.0 1.0 1.0 1.0 1.0 1.0 1.0 1.0 1.0 1.0 1.0 1.0 1.0 1.0 1.0 1.0 1.0 1.0 1.0 1.0 1.0 1.0 1.0 1.0 1.0 1.0 1.0 1.0 1.0 1.0 1.0 1.0 1.0 1.0 1.0 1.0 1.0 1.0 1.0 1.0 1.0 1.0 1.0 1.0 1.0 1.0 1.0 1.0 1.0 1.0 1.0 1.0 1.0 1.0 1.0 1.0 1.0 1.0 1.0 1.0 1.0 1.0 1.0 1.0 1.0 1.0 1.0 1.0 1.0 1.0 1.0 1.0 1.0 1.0 1.0 1.0 1.0 1.0 1.0 1.0 1.0 1.0 1.0 1.0 1.0 1.0">
			<input name="Fac" type="float"/>
			<output name="Color" type="color"/>
			<output name="Alpha" type="float"/>
		</rgb_ramp>
		<noise_texture name="Noise Texture.003">
			<input name="Vector" type="vector" value="0.0 0.0 0.0"/> 
			<input name="Scale" type="float" value="5.0" /> 
			<input name="Detail" type="float"/>
			<input name="Distortion" type="float" value="6.0" /> 
			<output name="Color" type="color"/>
			<output name="Fac" type="float"/>
		</noise_texture>
		<noise_texture name="Noise Texture.005">
			<input name="Vector" type="vector" value="0.0 0.0 0.0"/> 
			<input name="Scale" type="float" value="3.0" /> 
			<input name="Detail" type="float" value="5.0" /> 
			<input name="Distortion" type="float" value="1.5" /> 
			<output name="Color" type="color"/>
			<output name="Fac" type="float"/>
		</noise_texture>
		<math name="Math.005" type="subtract" use_clamp="False">
			<input name="Value1" type="float"/>
			<input name="Value2" type="float" value="1.0" /> 
			<output name="Value" type="float"/>
		</math>
		<math name="Math.003" type="multiply" use_clamp="False">
			<input name="Value1" type="float"/>
			<input name="Value2" type="float" value="0.75" /> 
			<output name="Value" type="float"/>
		</math>
		<invert name="Invert">
			<input name="Fac" type="float" value="1.0" /> 
			<input name="Color" type="color"/>
			<output name="Color" type="color"/>
		</invert>
		<rgb_ramp name="ColorRamp.003" interpolate="True" ramp="0.0 0.0 0.0 0.0 0.0 0.0 0.0 0.0 0.0 0.0 0.0 0.0 0.0 0.0 0.0 0.0 0.0 0.0 0.0 0.0 0.0 0.0 0.0 0.0 0.0 0.0 0.0 0.0 0.0 0.0 0.0 0.0 0.0 0.0 0.0 0.0 0.0 0.0 0.0 0.0 0.0 0.0 0.0 0.0 0.0 0.0 0.0 0.0 0.0 0.0 0.0 0.0 0.0 0.0 0.0 0.0 0.0 0.0 0.0 0.0 0.0 0.0 0.0 0.0 0.0 0.0 0.0 0.0 0.0 0.0 0.0 0.0 0.0 0.0 0.0 0.0 0.0 0.0 0.0 0.0 0.0 0.0 0.0 0.0 0.0 0.0 0.0 0.0 0.0 0.0 0.0 0.0 0.0 0.0 0.0 0.0 0.0 0.0 0.0 0.005442943423986435 0.005442943423986435 0.005442943423986435 0.010885855183005333 0.010885855183005333 0.010885855183005333 0.016328798606991768 0.016328798606991768 0.016328798606991768 0.021771742030978203 0.021771742030978203 0.021771742030978203 0.0272146537899971 0.0272146537899971 0.0272146537899971 0.032657597213983536 0.032657597213983536 0.032657597213983536 0.03810054063796997 0.03810054063796997 0.03810054063796997 0.04354345425963402 0.04354345425963402 0.04354345425963402 0.04898639768362045 0.04898639768362045 0.04898639768362045 0.05442933738231659 0.05442933738231659 0.05442933738231659 0.05987225100398064 0.05987225100398064 0.05987225100398064 0.06531519442796707 0.06531519442796707 0.06531519442796707 0.07075813412666321 0.07075813412666321 0.07075813412666321 0.07620105147361755 0.07620105147361755 0.07620105147361755 0.08164399117231369 0.08164399117231369 0.08164399117231369 0.08708693832159042 0.08708693832159042 0.08708693832159042 0.09252984821796417 0.09252984821796417 0.09252984821796417 0.0979727953672409 0.0979727953672409 0.0979727953672409 0.10341573506593704 0.10341573506593704 0.10341573506593704 0.10885864496231079 0.10885864496231079 0.10885864496231079 0.11430159211158752 0.11430159211158752 0.11430159211158752 0.11974453181028366 0.11974453181028366 0.11974453181028366 0.1251874417066574 0.1251874417066574 0.1251874417066574 0.13063038885593414 0.13063038885593414 0.13063038885593414 0.13607333600521088 0.13607333600521088 0.13607333600521088 0.14151623845100403 0.14151623845100403 0.14151623845100403 0.14695918560028076 0.14695918560028076 0.14695918560028076 0.1524021327495575 0.1524021327495575 0.1524021327495575 0.15784505009651184 0.15784505009651184 0.15784505009651184 0.16328798234462738 0.16328798234462738 0.16328798234462738 0.1687309294939041 0.1687309294939041 0.1687309294939041 0.17417384684085846 0.17417384684085846 0.17417384684085846 0.179616779088974 0.179616779088974 0.179616779088974 0.18505972623825073 0.18505972623825073 0.18505972623825073 0.19050264358520508 0.19050264358520508 0.19050264358520508 0.1959455907344818 0.1959455907344818 0.1959455907344818 0.20138852298259735 0.20138852298259735 0.20138852298259735 0.2068314403295517 0.2068314403295517 0.2068314403295517 0.21227438747882843 0.21227438747882843 0.21227438747882843 0.21771731972694397 0.21771731972694397 0.21771731972694397 0.22316023707389832 0.22316023707389832 0.22316023707389832 0.22860318422317505 0.22860318422317505 0.22860318422317505 0.2340461164712906 0.2340461164712906 0.2340461164712906 0.23948903381824493 0.23948903381824493 0.23948903381824493 0.24493198096752167 0.24493198096752167 0.24493198096752167 0.2503749132156372 0.2503749132156372 0.2503749132156372 0.25581783056259155 0.25581783056259155 0.25581783056259155 0.2612607777118683 0.2612607777118683 0.2612607777118683 0.26670369505882263 0.26670369505882263 0.26670369505882263 0.27214667201042175 0.27214667201042175 0.27214667201042175 0.2775895893573761 0.2775895893573761 0.2775895893573761 0.28303247690200806 0.28303247690200806 0.28303247690200806 0.2884754538536072 0.2884754538536072 0.2884754538536072 0.2939183712005615 0.2939183712005615 0.2939183712005615 0.29936128854751587 0.29936128854751587 0.29936128854751587 0.304804265499115 0.304804265499115 0.304804265499115 0.31024718284606934 0.31024718284606934 0.31024718284606934 0.3156901001930237 0.3156901001930237 0.3156901001930237 0.3211330473423004 0.3211330473423004 0.3211330473423004 0.32657596468925476 0.32657596468925476 0.32657596468925476 0.3320188820362091 0.3320188820362091 0.3320188820362091 0.3374618589878082 0.3374618589878082 0.3374618589878082 0.3429047763347626 0.3429047763347626 0.3429047763347626 0.3483476936817169 0.3483476936817169 0.3483476936817169 0.35379067063331604 0.35379067063331604 0.35379067063331604 0.359233558177948 0.359233558177948 0.359233558177948 0.36467647552490234 0.36467647552490234 0.36467647552490234 0.37011945247650146 0.37011945247650146 0.37011945247650146 0.3755623698234558 0.3755623698234558 0.3755623698234558 0.38100528717041016 0.38100528717041016 0.38100528717041016 0.3864482641220093 0.3864482641220093 0.3864482641220093 0.3918911814689636 0.3918911814689636 0.3918911814689636 0.39733409881591797 0.39733409881591797 0.39733409881591797 0.4027770161628723 0.4027770161628723 0.4027770161628723 0.40821996331214905 0.40821996331214905 0.40821996331214905 0.4136629104614258 0.4136629104614258 0.4136629104614258 0.4191058278083801 0.4191058278083801 0.4191058278083801 0.42454877495765686 0.42454877495765686 0.42454877495765686 0.4299916923046112 0.4299916923046112 0.4299916923046112 0.43543460965156555 0.43543460965156555 0.43543460965156555 0.4408775568008423 0.4408775568008423 0.4408775568008423 0.446320503950119 0.446320503950119 0.446320503950119 0.45176342129707336 0.45176342129707336 0.45176342129707336 0.4572063684463501 0.4572063684463501 0.4572063684463501 0.46264931559562683 0.46264931559562683 0.46264931559562683 0.4680922031402588 0.4680922031402588 0.4680922031402588 0.4735351502895355 0.4735351502895355 0.4735351502895355 0.47897809743881226 0.47897809743881226 0.47897809743881226 0.4844210147857666 0.4844210147857666 0.4844210147857666 0.48986396193504333 0.48986396193504333 0.48986396193504333 0.49530690908432007 0.49530690908432007 0.49530690908432007 0.5007498264312744 0.5007498264312744 0.5007498264312744 0.5061927437782288 0.5061927437782288 0.5061927437782288 0.5116357207298279 0.5116357207298279 0.5116357207298279 0.5170786380767822 0.5170786380767822 0.5170786380767822 0.5225215554237366 0.5225215554237366 0.5225215554237366 0.5225215554237366 0.5225215554237366 0.5225215554237366 0.5225215554237366 0.5225215554237366 0.5225215554237366 0.5225215554237366 0.5225215554237366 0.5225215554237366 0.5225215554237366 0.5225215554237366 0.5225215554237366 0.5225215554237366 0.5225215554237366 0.5225215554237366 0.5225215554237366 0.5225215554237366 0.5225215554237366 0.5225215554237366 0.5225215554237366 0.5225215554237366 0.5225215554237366 0.5225215554237366 0.5225215554237366 0.5225215554237366 0.5225215554237366 0.5225215554237366 0.5225215554237366 0.5225215554237366 0.5225215554237366 0.5225215554237366 0.5225215554237366 0.5225215554237366 0.5225215554237366 0.5225215554237366 0.5225215554237366 0.5225215554237366 0.5225215554237366 0.5225215554237366 0.5225215554237366 0.5225215554237366 0.5225215554237366 0.5225215554237366 0.5225215554237366 0.5225215554237366 0.5225215554237366 0.5225215554237366 0.5225215554237366 0.5225215554237366 0.5225215554237366 0.5225215554237366 0.5225215554237366 0.5225215554237366 0.5225215554237366 0.5225215554237366 0.5225215554237366 0.5225215554237366 0.5225215554237366 0.5225215554237366 0.5225215554237366 0.5225215554237366 0.5225215554237366 0.5225215554237366 0.5225215554237366 0.5225215554237366 0.5225215554237366 0.5225215554237366 0.5225215554237366 0.5225215554237366 0.5225215554237366 0.5225215554237366 0.5225215554237366 0.5225215554237366 0.5225215554237366 0.5225215554237366 0.5225215554237366 0.5225215554237366 0.5225215554237366 0.5225215554237366 0.5225215554237366 0.5225215554237366 0.5225215554237366 0.5225215554237366 0.5225215554237366 0.5225215554237366 0.5225215554237366 0.5225215554237366 0.5225215554237366 0.5225215554237366 0.5225215554237366 0.5225215554237366 0.5225215554237366 0.5225215554237366 0.5225215554237366 0.5225215554237366 0.5225215554237366 0.5225215554237366 0.5225215554237366 0.5225215554237366 0.5225215554237366 0.5225215554237366 0.5225215554237366 0.5225215554237366 0.5225215554237366 0.5225215554237366 0.5225215554237366 0.5225215554237366 0.5225215554237366 0.5225215554237366 0.5225215554237366 0.5225215554237366 0.5225215554237366 0.5225215554237366 0.5225215554237366 0.5225215554237366 0.5225215554237366 0.5225215554237366 0.5225215554237366 0.5225215554237366 0.5225215554237366 0.5225215554237366 0.5225215554237366 0.5225215554237366 0.5225215554237366 0.5225215554237366 0.5225215554237366 0.5225215554237366 0.5225215554237366 0.5225215554237366 0.5225215554237366 0.5225215554237366 0.5225215554237366 0.5225215554237366 0.5225215554237366 0.5225215554237366 0.5225215554237366 0.5225215554237366 0.5225215554237366 0.5225215554237366 0.5225215554237366 0.5225215554237366 0.5225215554237366 0.5225215554237366 0.5225215554237366 0.5225215554237366 0.5225215554237366 0.5225215554237366 0.5225215554237366 0.5225215554237366 0.5225215554237366 0.5225215554237366 0.5225215554237366 0.5225215554237366 0.5225215554237366 0.5225215554237366 0.5225215554237366 0.5225215554237366 0.5225215554237366 0.5225215554237366 0.5225215554237366 0.5225215554237366 0.5225215554237366 0.5225215554237366 0.5225215554237366 0.5225215554237366 0.5225215554237366 0.5225215554237366 0.5225215554237366 0.5225215554237366 0.5225215554237366 0.5225215554237366 0.5225215554237366 0.5225215554237366 0.5225215554237366 0.5225215554237366 0.5225215554237366 0.5225215554237366 0.5225215554237366 0.5225215554237366 0.5225215554237366 0.5225215554237366 0.5225215554237366 0.5225215554237366 0.5225215554237366 0.5225215554237366 0.5225215554237366 0.5225215554237366 0.5225215554237366 0.5225215554237366 0.5225215554237366 0.5225215554237366 0.5225215554237366 0.5225215554237366 0.5225215554237366 0.5225215554237366 0.5225215554237366 0.5225215554237366 0.5225215554237366 0.5225215554237366 0.5225215554237366 0.5225215554237366 0.5225215554237366 0.5225215554237366 0.5225215554237366 0.5225215554237366 0.5225215554237366 0.5225215554237366 0.5225215554237366 0.5225215554237366 0.5225215554237366 0.5225215554237366 0.5225215554237366 0.5225215554237366 0.5225215554237366 0.5225215554237366 0.5225215554237366 0.5225215554237366 0.5225215554237366 0.5225215554237366 0.5225215554237366 0.5225215554237366 0.5225215554237366 0.5225215554237366 0.5225215554237366 0.5225215554237366 0.5225215554237366 0.5225215554237366 0.5225215554237366 0.5225215554237366 0.5225215554237366 0.5225215554237366 0.5225215554237366 0.5225215554237366 0.5225215554237366 0.5225215554237366 0.5225215554237366 0.5225215554237366 0.5225215554237366 0.5225215554237366 0.5225215554237366 0.5225215554237366 0.5225215554237366 0.5225215554237366 0.5225215554237366 0.5225215554237366 0.5225215554237366 0.5225215554237366 0.5225215554237366 0.5225215554237366 0.5225215554237366 0.5225215554237366 0.5225215554237366 0.5225215554237366 0.5225215554237366 0.5225215554237366 0.5225215554237366 0.5225215554237366 0.5225215554237366 0.5225215554237366 0.5225215554237366 0.5225215554237366 0.5225215554237366 0.5225215554237366 0.5225215554237366 0.5225215554237366 0.5225215554237366 0.5225215554237366 0.5225215554237366 0.5225215554237366 0.5225215554237366 0.5225215554237366 0.5225215554237366 0.5225215554237366 0.5225215554237366 0.5225215554237366 0.5225215554237366 0.5225215554237366 0.5225215554237366 0.5225215554237366 0.5225215554237366 0.5225215554237366 0.5225215554237366 0.5225215554237366 0.5225215554237366 0.5225215554237366 0.5225215554237366 0.5225215554237366 0.5225215554237366 0.5225215554237366 0.5225215554237366 0.5225215554237366 0.5225215554237366 0.5225215554237366 0.5225215554237366 0.5225215554237366 0.5225215554237366 0.5225215554237366 0.5225215554237366 0.5225215554237366 0.5225215554237366 0.5225215554237366 0.5225215554237366 0.5225215554237366 0.5225215554237366 0.5225215554237366 0.5225215554237366 0.5225215554237366 0.5225215554237366 0.5225215554237366 0.5225215554237366 0.5225215554237366 0.5225215554237366 0.5225215554237366 0.5225215554237366 0.5225215554237366 0.5225215554237366 0.5225215554237366 0.5225215554237366 0.5225215554237366 0.5225215554237366 0.5225215554237366 0.5225215554237366 0.5225215554237366 0.5225215554237366 0.5225215554237366 0.5225215554237366 0.5225215554237366 0.5225215554237366 0.5225215554237366 0.5225215554237366 0.5225215554237366 0.5225215554237366 0.5225215554237366 0.5225215554237366 0.5225215554237366 0.5225215554237366 0.5225215554237366 0.5225215554237366 0.5225215554237366 0.5225215554237366 0.5225215554237366 0.5225215554237366 0.5225215554237366 0.5225215554237366 0.5225215554237366 0.5225215554237366 0.5225215554237366 0.5225215554237366 0.5225215554237366 0.5225215554237366 0.5225215554237366 0.5225215554237366 0.5225215554237366 0.5225215554237366 0.5225215554237366 0.5225215554237366 0.5225215554237366 0.5225215554237366 0.5225215554237366 0.5225215554237366 0.5225215554237366 0.5225215554237366 0.5225215554237366 0.5225215554237366 0.5225215554237366 0.5225215554237366 0.5225215554237366 0.5225215554237366 0.5225215554237366 0.5225215554237366 0.5225215554237366 0.5225215554237366 0.5225215554237366 0.5225215554237366 0.5225215554237366 0.5225215554237366 0.5225215554237366 0.5225215554237366 0.5225215554237366 0.5225215554237366 0.5225215554237366" ramp_alpha="1.0 1.0 1.0 1.0 1.0 1.0 1.0 1.0 1.0 1.0 1.0 1.0 1.0 1.0 1.0 1.0 1.0 1.0 1.0 1.0 1.0 1.0 1.0 1.0 1.0 1.0 1.0 1.0 1.0 1.0 1.0 1.0 1.0 1.0 1.0 1.0 1.0 1.0 1.0 1.0 1.0 1.0 1.0 1.0 1.0 1.0 1.0 1.0 1.0 1.0 1.0 1.0 1.0 1.0 1.0 1.0 1.0 1.0 1.0 1.0 1.0 1.0 1.0 1.0 1.0 1.0 1.0 1.0 1.0 1.0 1.0 1.0 1.0 1.0 1.0 1.0 1.0 1.0 1.0 1.0 1.0 1.0 1.0 1.0 1.0 1.0 1.0 1.0 1.0 1.0 1.0 1.0 1.0 1.0 1.0 1.0 1.0 1.0 1.0 1.0 1.0 1.0 1.0 1.0 1.0 1.0 1.0 1.0 1.0 1.0 1.0 1.0 1.0 1.0 1.0 1.0 1.0 1.0 1.0 1.0 1.0 1.0 1.0 1.0 1.0 1.0 1.0 1.0 1.0 1.0 1.0 1.0 1.0 1.0 1.0 1.0 1.0 1.0 1.0 1.0 1.0 1.0 1.0 1.0 1.0 1.0 1.0 1.0 1.0 1.0 1.0 1.0 1.0 1.0 1.0 1.0 1.0 1.0 1.0 1.0 1.0 1.0 1.0 1.0 1.0 1.0 1.0 1.0 1.0 1.0 1.0 1.0 1.0 1.0 1.0 1.0 1.0 1.0 1.0 1.0 1.0 1.0 1.0 1.0 1.0 1.0 1.0 1.0 1.0 1.0 1.0 1.0 1.0 1.0 1.0 1.0 1.0 1.0 1.0 1.0 1.0 1.0 1.0 1.0 1.0 1.0 1.0 1.0 1.0 1.0 1.0 1.0 1.0 1.0 1.0 1.0 1.0 1.0 1.0 1.0 1.0 1.0 1.0 1.0 1.0 1.0 1.0 1.0 1.0 1.0 1.0 1.0 1.0 1.0 1.0 1.0 1.0 1.0 1.0 1.0 1.0 1.0 1.0 1.0 1.0 1.0 1.0 1.0 1.0 1.0 1.0 1.0 1.0 1.0 1.0 1.0">
			<input name="Fac" type="float"/>
			<output name="Color" type="color"/>
			<output name="Alpha" type="float"/>
		</rgb_ramp>

	<!--   mix, add, multiply, screen, overlay, subtract, divide, difference -->
	<!--   darken, lighten, dodge, burn, hue, saturation, value, color, soft_light, linear_light -->
	<mix name="MixColor" type="mix" use_clamp="False">
	<input name="Fac" type="float" value="0.5" />
	<input name="Color1" type="color" value="!ColourRValue1! !ColourGValue1! !ColourBValue1!" />
	<input name="Color2" type="color" value="!ColourRValue2! !ColourGValue2! !ColourBValue2!" />
	<output name="Color" type="color" />
	</mix>


		<principled_bsdf name="Principled BSDF" distribution="ggx">
			<input name="BaseColor" type="color" value="0.8588 0.3020 0.1373"/> 
			<input name="Subsurface" type="float" value="0.0" /> 
			<input name="SubsurfaceRadius" type="vector" value="1.0 0.20000000298023224 0.05000000074505806"/> 
			<input name="SubsurfaceColor" type="color" value="0.38005632162094116 0.32975345849990845 0.30131861567497253"/> 
			<input name="Metallic" type="float" value="0.0" /> 
			<input name="Specular" type="float" value="0.5" /> 
			<input name="SpecularTint" type="float" value="0.0" /> 
			<input name="Roughness" type="float"/>
			<input name="Anisotropic" type="float" value="0.0" /> 
			<input name="AnisotropicRotation" type="float" value="0.0" /> 
			<input name="Sheen" type="float" value="0.0" /> 
			<input name="SheenTint" type="float" value="0.5" /> 
			<input name="Clearcoat" type="float" value="0.0" /> 
			<input name="ClearcoatRoughness" type="float" value="0.029999999329447746" /> 
			<input name="IOR" type="float" value="1.4500000476837158" /> 
			<input name="Transmission" type="float" value="0.0" /> 
			<input name="TransmissionRoughness" type="float" value="0.0" /> 
			<input name="Emission" type="color" value="0.0 0.0 0.0"/> 
			<input name="Alpha" type="float" value="1.0" /> 
			<input name="Normal" type="vector"/>
			<input name="ClearcoatNormal" type="vector" value="0.0 0.0 0.0"/> 
			<input name="Tangent" type="vector" value="0.0 0.0 0.0"/> 
			<output name="BSDF" type="closure"/>
		</principled_bsdf>
		<displacement name="Displacement">
			<input name="Height" type="float"/>
			<input name="Midlevel" type="float" value="0.0" /> 
			<input name="Scale" type="float" value="!number!" /> 
			<input name="Normal" type="vector" value="0.0 0.0 0.0"/> 
			<output name="Displacement" type="vector"/>
		</displacement>

		<group group_name="STICKER-GROUP" name="Group">
			<input name="Shader" type="closure" />
			<output name="Shader" type="closure" />
		</group>


		<connect from_node="Texture Coordinate" from_socket="Object" to_node="Mapping" to_socket="Vector" />
		<connect from_node="Noise Texture" from_socket="Fac" to_node="ColorRamp" to_socket="Fac" />
		<connect from_node="Noise Texture.001" from_socket="Fac" to_node="Noise Texture" to_socket="Distortion" />
		<connect from_node="Mapping" from_socket="Vector" to_node="Noise Texture.002" to_socket="Vector" />
		<connect from_node="Magic Texture.001" from_socket="Fac" to_node="ColorRamp.001" to_socket="Fac" />
		<connect from_node="Noise Texture.002" from_socket="Fac" to_node="Magic Texture.001" to_socket="Vector" />
		<connect from_node="Mix" from_socket="Color" to_node="Mix.002" to_socket="Color1" />
		<connect from_node="ColorRamp" from_socket="Color" to_node="Math" to_socket="Value1" />
		<connect from_node="Math" from_socket="Value" to_node="Mix" to_socket="Color2" />
		<connect from_node="Math.001" from_socket="Value" to_node="Mix" to_socket="Color1" />
		<connect from_node="ColorRamp.001" from_socket="Color" to_node="Math.001" to_socket="Value1" />
		<connect from_node="Noise Texture.003" from_socket="Fac" to_node="ColorRamp.002" to_socket="Fac" />
		<connect from_node="Noise Texture.004" from_socket="Fac" to_node="Noise Texture.003" to_socket="Detail" />
		<connect from_node="ColorRamp.002" from_socket="Color" to_node="Mix" to_socket="Fac" />
		<connect from_node="Noise Texture.006" from_socket="Fac" to_node="Math.002" to_socket="Value1" />
		<connect from_node="Noise Texture.005" from_socket="Fac" to_node="Math.005" to_socket="Value1" />
		<connect from_node="Math.002" from_socket="Value" to_node="Mix.002" to_socket="Color2" />
		<connect from_node="Invert" from_socket="Color" to_node="ColorRamp.003" to_socket="Fac" />
		<connect from_node="Noise Texture.007" from_socket="Fac" to_node="Math.004" to_socket="Value1" />
		<connect from_node="Math.004" from_socket="Value" to_node="ColorRamp.004" to_socket="Fac" />
		<connect from_node="Mapping.003" from_socket="Vector" to_node="Noise Texture.007" to_socket="Vector" />
		<connect from_node="Texture Coordinate.002" from_socket="Object" to_node="Mapping.003" to_socket="Vector" />
		<connect from_node="Mix.002" from_socket="Color" to_node="Mix.003" to_socket="Color1" />
		<connect from_node="ColorRamp.004" from_socket="Color" to_node="Mix.003" to_socket="Color2" />
		<connect from_node="Mix.003" from_socket="Color" to_node="Bump" to_socket="Height" />
		<connect from_node="Mix.003" from_socket="Color" to_node="Invert" to_socket="Color" />
		<connect from_node="Math.005" from_socket="Value" to_node="Math.003" to_socket="Value1" />
		<connect from_node="ColorRamp.003" from_socket="Color" to_node="Principled BSDF" to_socket="Roughness" />

		<connect from_node="ColorRamp.002" from_socket="Color" to_node="MixColor" to_socket="Fac" />
		<connect from_node="MixColor" from_socket="Color" to_node="Principled BSDF" to_socket="BaseColor" />

		<connect from_node="Principled BSDF" from_socket="BSDF" to_node="Group" to_socket="Shader"/>
		<connect from_node="Group" from_socket="Shader" to_node="Output" to_socket="Surface" />

		<connect from_node="Bump" from_socket="Normal" to_node="Principled BSDF" to_socket="Normal" />
		<connect from_node="Math.003" from_socket="Value" to_node="Displacement" to_socket="Height" />
		<connect from_node="Displacement" from_socket="Displacement" to_node="Output" to_socket="Displacement" />
	<!-- Created by Shushudancer -->
	</shader>
</material>
<!-- Template By Shushudancer -->