section Colour Description
text Colour Name
number Colour ID
checkbox Transparent Colour (Editor Only)

section Metal
picker Metal ColourPicker
desc Select a main metallic colour with the picker above.
number Metal Colour R value
number Metal Colour G value
number Metal Colour B value

section Damage
picker Damage ColourPicker
desc Select a damaged matte colour with the picker above.
number Damage Colour R value
number Damage Colour G value
number Damage Colour B value

end of form

code

<<< Colour Definition >>>
!ColourID!	!ColourID!	!ColourID!	!ColourID!	!ColourName!	!ColourName!	!ColourName!	!ColourName!	!Hex!	!checkbox!	Solid Colors	!ColourCategory!	to_lego			Misc Materials

<<< Colour Settings >>>
<!-- ColourID: !ColourID!	ColourName: !ColourName! -->
<material name="SOLID-!ColourNameSetting!" displacement_method="bump" heterogeneous_volume="False" use_local_tuning="False" use_mis="True" use_transparent_shadow="True" volume_interpolation_method="linear" volume_sampling_method="multiple_importance">
	<shader>
		<!-- Create texture mapping coordinates from object -->
		<texture_coordinate name="TextureCoordinate" from_dupli="False" >
			<output name="Generated" type="vector" />
			<output name="Normal" type="vector" />
			<output name="UV" type="vector" />
			<output name="Object" type="vector" />
			<output name="Camera" type="vector" />
			<output name="Window" type="vector" />
			<output name="Reflection" type="vector" />
		</texture_coordinate>

		<musgrave_texture name="MusgraveTexture" type="fbm" >
			<input name="Scale" type="float" value="3.0000" />
			<input name="Detail" type="float" value="16.0000" />
			<input name="Dimension" type="float" value="0.4000" />
			<input name="Lacunarity" type="float" value="2.0000" />
			<input name="Vector" type="vector" value="0.0 0.0 0.0" />      	
			<output name="Color" type="color" />      	
			<output name="Fac" type="float" />      	
		</musgrave_texture>

		<noise_texture name="NoiseTexture" >
			<input name="Scale" type="float" value="3.3000" />
			<input name="Detail" type="float" value="16.0000" />
			<input name="Distortion" type="float" value="0.0000" />
			<input name="Vector" type="vector" value="0.0 0.0 0.0" />
			<output name="Color" type="color" />
			<output name="Fac" type="float" />
		</noise_texture>

		<rgb_ramp name="ColorRamp1" interpolate="True" ramp="1.0 1.0 1.0 1.0 1.0 1.0 1.0 1.0 1.0 1.0 1.0 1.0 1.0 1.0 1.0 0.9921568627451 0.9921568627451 0.9921568627451 0.99606317235065 0.99606317235065 0.99606317235065 0.99606317235065 0.99606317235065 0.99606317235065 0.99606317235065 0.99606317235065 0.99606317235065 0.99606317235065 0.99606317235065 0.99606317235065 0.99606317235065 0.99606317235065 0.99606317235065 0.99606317235065 0.99606317235065 0.99606317235065 0.99606317235065 0.99606317235065 0.99606317235065 0.99606317235065 0.99606317235065 0.99606317235065 0.99606317235065 0.99606317235065 0.99606317235065 0.99606317235065 0.99606317235065 0.99606317235065 0.99606317235065 0.99606317235065 0.99606317235065 0.99606317235065 0.99606317235065 0.99606317235065 0.99606317235065 0.99606317235065 0.99606317235065 0.99606317235065 0.99606317235065 0.99606317235065 0.99606317235065 0.99606317235065 0.99606317235065 0.99606317235065 0.99606317235065 0.99606317235065 0.99606317235065 0.99606317235065 0.99606317235065 0.99606317235065 0.99606317235065 0.99606317235065 0.99606317235065 0.99606317235065 0.99606317235065 0.99606317235065 0.99606317235065 0.99606317235065 0.99606317235065 0.99606317235065 0.99606317235065 0.99606317235065 0.99606317235065 0.99606317235065 0.99606317235065 0.99606317235065 0.99606317235065 0.99606317235065 0.99606317235065 0.99606317235065 0.99606317235065 0.99606317235065 0.99606317235065 0.99606317235065 0.99606317235065 0.99606317235065 0.99606317235065 0.99606317235065 0.99606317235065 0.99606317235065 0.99606317235065 0.99606317235065 0.99606317235065 0.99606317235065 0.99606317235065 0.99606317235065 0.99606317235065 0.99606317235065 0.99606317235065 0.99606317235065 0.99606317235065 0.99606317235065 0.99606317235065 0.99606317235065 1.0 1.0 1.0 1.0 1.0 1.0 0.99606317235065 0.99606317235065 0.99606317235065 0.99606317235065 0.99606317235065 0.99606317235065 0.9921568627451 0.9921568627451 0.9921568627451 0.99606317235065 0.99606317235065 0.99606317235065 0.99606317235065 0.99606317235065 0.99606317235065 0.99606317235065 0.99606317235065 0.99606317235065 0.9921568627451 0.9921568627451 0.9921568627451 0.98822003509575 0.98822003509575 0.98822003509575 0.9921568627451 0.9921568627451 0.9921568627451 0.9921568627451 0.9921568627451 0.9921568627451 0.98822003509575 0.98822003509575 0.98822003509575 0.9921568627451 0.9921568627451 0.9921568627451 0.99606317235065 0.99606317235065 0.99606317235065 0.99606317235065 0.99606317235065 0.99606317235065 0.99606317235065 0.99606317235065 0.99606317235065 0.99606317235065 0.99606317235065 0.99606317235065 0.99606317235065 0.99606317235065 0.99606317235065 0.99606317235065 0.99606317235065 0.99606317235065 1.0 1.0 1.0 1.0 1.0 1.0 1.0 1.0 1.0 1.0 1.0 1.0 1.0 1.0 1.0 1.0 1.0 1.0 1.0 1.0 1.0 1.0 1.0 1.0 1.0 1.0 1.0 1.0 1.0 1.0 1.0 1.0 1.0 1.0 1.0 1.0 1.0 1.0 1.0 1.0 1.0 1.0 0.99606317235065 0.99606317235065 0.99606317235065 0.98822003509575 0.98822003509575 0.98822003509575 0.9843137254902 0.9843137254902 0.9843137254902 0.98037689784085 0.98037689784085 0.98037689784085 0.97647058823529 0.97647058823529 0.97647058823529 0.97647058823529 0.97647058823529 0.97647058823529 0.97253376058595 0.97253376058595 0.97253376058595 0.97253376058595 0.97253376058595 0.97253376058595 0.97253376058595 0.97253376058595 0.97253376058595 0.97253376058595 0.97253376058595 0.97253376058595 0.96469062333104 0.96469062333104 0.96469062333104 0.96078431372549 0.96078431372549 0.96078431372549 0.95684748607614 0.95684748607614 0.95684748607614 0.95684748607614 0.95684748607614 0.95684748607614 0.95294117647059 0.95294117647059 0.95294117647059 0.94900434882124 0.94900434882124 0.94900434882124 0.94509803921569 0.94509803921569 0.94509803921569 0.94509803921569 0.94509803921569 0.94509803921569 0.94509803921569 0.94509803921569 0.94509803921569 0.94116121156634 0.94116121156634 0.94116121156634 0.94116121156634 0.94116121156634 0.94116121156634 0.94116121156634 0.94116121156634 0.94116121156634 0.93725490196078 0.93725490196078 0.93725490196078 0.93331807431144 0.93331807431144 0.93331807431144 0.93331807431144 0.93331807431144 0.93331807431144 0.92941176470588 0.92941176470588 0.92941176470588 0.92547493705653 0.92547493705653 0.92547493705653 0.92547493705653 0.92547493705653 0.92547493705653 0.92156862745098 0.92156862745098 0.92156862745098 0.91763179980163 0.91763179980163 0.91763179980163 0.91372549019608 0.91372549019608 0.91372549019608 0.90978866254673 0.90978866254673 0.90978866254673 0.90978866254673 0.90978866254673 0.90978866254673 0.90978866254673 0.90978866254673 0.90978866254673 0.90588235294118 0.90588235294118 0.90588235294118 0.90588235294118 0.90588235294118 0.90588235294118 0.90194552529183 0.90194552529183 0.90194552529183 0.90194552529183 0.90194552529183 0.90194552529183 0.89803921568627 0.89803921568627 0.89803921568627 0.89410238803693 0.89410238803693 0.89410238803693 0.89019607843137 0.89019607843137 0.89019607843137 0.88625925078202 0.88625925078202 0.88625925078202 0.88625925078202 0.88625925078202 0.88625925078202 0.88235294117647 0.88235294117647 0.88235294117647 0.87841611352712 0.87841611352712 0.87841611352712 0.87450980392157 0.87450980392157 0.87450980392157 0.87450980392157 0.87450980392157 0.87450980392157 0.87057297627222 0.87057297627222 0.87057297627222 0.86666666666667 0.86666666666667 0.86666666666667 0.86666666666667 0.86666666666667 0.86666666666667 0.86272983901732 0.86272983901732 0.86272983901732 0.85882352941176 0.85882352941176 0.85882352941176 0.85882352941176 0.85882352941176 0.85882352941176 0.85488670176242 0.85488670176242 0.85488670176242 0.85098039215686 0.85098039215686 0.85098039215686 0.84704356450752 0.84704356450752 0.84704356450752 0.84313725490196 0.84313725490196 0.84313725490196 0.84313725490196 0.84313725490196 0.84313725490196 0.83920042725261 0.83920042725261 0.83920042725261 0.83529411764706 0.83529411764706 0.83529411764706 0.83135728999771 0.83135728999771 0.83135728999771 0.82745098039216 0.82745098039216 0.82745098039216 0.82351415274281 0.82351415274281 0.82351415274281 0.81567101548791 0.81567101548791 0.81567101548791 0.81567101548791 0.81567101548791 0.81567101548791 0.81176470588235 0.81176470588235 0.81176470588235 0.80782787823301 0.80782787823301 0.80782787823301 0.80392156862745 0.80392156862745 0.80392156862745 0.79607843137255 0.79607843137255 0.79607843137255 0.7921416037232 0.7921416037232 0.7921416037232 0.7921416037232 0.7921416037232 0.7921416037232 0.78823529411765 0.78823529411765 0.78823529411765 0.78823529411765 0.78823529411765 0.78823529411765 0.78823529411765 0.78823529411765 0.78823529411765 0.7842984664683 0.7842984664683 0.7842984664683 0.78039215686275 0.78039215686275 0.78039215686275 0.78039215686275 0.78039215686275 0.78039215686275 0.7764553292134 0.7764553292134 0.7764553292134 0.7686121919585 0.7686121919585 0.7686121919585 0.76470588235294 0.76470588235294 0.76470588235294 0.76470588235294 0.76470588235294 0.76470588235294 0.76076905470359 0.76076905470359 0.76076905470359 0.75686274509804 0.75686274509804 0.75686274509804 0.75292591744869 0.75292591744869 0.75292591744869 0.75292591744869 0.75292591744869 0.75292591744869 0.74901960784314 0.74901960784314 0.74901960784314 0.74508278019379 0.74508278019379 0.74508278019379 0.74508278019379 0.74508278019379 0.74508278019379 0.74508278019379 0.74508278019379 0.74508278019379 0.74117647058824 0.74117647058824 0.74117647058824 0.73723964293889 0.73723964293889 0.73723964293889 0.72939650568399 0.72939650568399 0.72939650568399 0.72549019607843 0.72549019607843 0.72549019607843 0.72549019607843 0.72549019607843 0.72549019607843 0.72549019607843 0.72549019607843 0.72549019607843 0.72155336842908 0.72155336842908 0.72155336842908 0.72155336842908 0.72155336842908 0.72155336842908 0.71764705882353 0.71764705882353 0.71764705882353 0.70980392156863 0.70980392156863 0.70980392156863 0.70980392156863 0.70980392156863 0.70980392156863 0.70586709391928 0.70586709391928 0.70586709391928 0.69802395666438 0.69802395666438 0.69802395666438 0.69018081940948 0.69018081940948 0.69018081940948 0.68627450980392 0.68627450980392 0.68627450980392 0.68233768215457 0.68233768215457 0.68233768215457 0.67449454489967 0.67449454489967 0.67449454489967 0.67058823529412 0.67058823529412 0.67058823529412 0.66665140764477 0.66665140764477 0.66665140764477 0.66665140764477 0.66665140764477 0.66665140764477 0.66274509803922 0.66274509803922 0.66274509803922 0.65490196078431 0.65490196078431 0.65490196078431 0.65490196078431 0.65490196078431 0.65490196078431 0.65096513313497 0.65096513313497 0.65096513313497 0.64705882352941 0.64705882352941 0.64705882352941 0.64312199588006 0.64312199588006 0.64312199588006 0.63921568627451 0.63921568627451 0.63921568627451 0.63137254901961 0.63137254901961 0.63137254901961 0.62743572137026 0.62743572137026 0.62743572137026 0.62352941176471 0.62352941176471 0.62352941176471 0.61959258411536 0.61959258411536 0.61959258411536 0.61959258411536 0.61959258411536 0.61959258411536 0.61174944686046 0.61174944686046 0.61174944686046 0.60390630960555 0.60390630960555 0.60390630960555 0.6 0.6 0.6 0.5921568627451 0.5921568627451 0.5921568627451 0.5843137254902 0.5843137254902 0.5843137254902 0.58037689784085 0.58037689784085 0.58037689784085 0.57647058823529 0.57647058823529 0.57647058823529 0.56862745098039 0.56862745098039 0.56862745098039 0.56862745098039 0.56862745098039 0.56862745098039 0.56862745098039 0.56862745098039 0.56862745098039 0.56469062333104 0.56469062333104 0.56469062333104 0.56078431372549 0.56078431372549 0.56078431372549 0.55684748607614 0.55684748607614 0.55684748607614 0.54509803921569 0.54509803921569 0.54509803921569 0.53725490196078 0.53725490196078 0.53725490196078 0.52941176470588 0.52941176470588 0.52941176470588 0.52547493705653 0.52547493705653 0.52547493705653 0.51763179980163 0.51763179980163 0.51763179980163 0.50978866254673 0.50978866254673 0.50978866254673 0.51372549019608 0.51372549019608 0.51372549019608 0.50978866254673 0.50978866254673 0.50978866254673 0.50194552529183 0.50194552529183 0.50194552529183 0.49411764705882 0.49411764705882 0.49411764705882 0.48236820019837 0.48236820019837 0.48236820019837 0.47452506294347 0.47452506294347 0.47452506294347 0.46668192568856 0.46668192568856 0.46668192568856 0.45883878843366 0.45883878843366 0.45883878843366 0.45099565117876 0.45099565117876 0.45099565117876 0.44705882352941 0.44705882352941 0.44705882352941 0.44315251392386 0.44315251392386 0.44315251392386 0.43921568627451 0.43921568627451 0.43921568627451 0.43921568627451 0.43921568627451 0.43921568627451 0.43921568627451 0.43921568627451 0.43921568627451 0.43921568627451 0.43921568627451 0.43921568627451 0.43137254901961 0.43137254901961 0.43137254901961 0.41962310215915 0.41962310215915 0.41962310215915 0.41177996490425 0.41177996490425 0.41177996490425 0.4 0.4 0.4 0.39609369039445 0.39609369039445 0.39609369039445 0.38825055313954 0.38825055313954 0.38825055313954 0.37647058823529 0.37647058823529 0.37647058823529 0.37256427862974 0.37256427862974 0.37256427862974 0.36862745098039 0.36862745098039 0.36862745098039 0.36472114137484 0.36472114137484 0.36472114137484 0.35687800411994 0.35687800411994 0.35687800411994 0.34509803921569 0.34509803921569 0.34509803921569 0.33334859235523 0.33334859235523 0.33334859235523 0.32550545510033 0.32550545510033 0.32550545510033 0.31372549019608 0.31372549019608 0.31372549019608 0.29803921568627 0.29803921568627 0.29803921568627 0.28235294117647 0.28235294117647 0.28235294117647 0.27450980392157 0.27450980392157 0.27450980392157 0.25882352941176 0.25882352941176 0.25882352941176 0.24313725490196 0.24313725490196 0.24313725490196 0.23529411764706 0.23529411764706 0.23529411764706 0.2235446707866 0.2235446707866 0.2235446707866 0.2000152590219 0.2000152590219 0.2000152590219 0.18432898451209 0.18432898451209 0.18432898451209 0.15295643549248 0.15295643549248 0.15295643549248 0.12549019607843 0.12549019607843 0.12549019607843 0.10980392156863 0.10980392156863 0.10980392156863 0.04705882352941 0.04705882352941 0.04705882352941 0.00393682764935 0.00393682764935 0.00393682764935" ramp_alpha="1.0 1.0 1.0 1.0 1.0 1.0 1.0 1.0 1.0 1.0 1.0 1.0 1.0 1.0 1.0 1.0 1.0 1.0 1.0 1.0 1.0 1.0 1.0 1.0 1.0 1.0 1.0 1.0 1.0 1.0 1.0 1.0 1.0 1.0 1.0 1.0 1.0 1.0 1.0 1.0 1.0 1.0 1.0 1.0 1.0 1.0 1.0 1.0 1.0 1.0 1.0 1.0 1.0 1.0 1.0 1.0 1.0 1.0 1.0 1.0 1.0 1.0 1.0 1.0 1.0 1.0 1.0 1.0 1.0 1.0 1.0 1.0 1.0 1.0 1.0 1.0 1.0 1.0 1.0 1.0 1.0 1.0 1.0 1.0 1.0 1.0 1.0 1.0 1.0 1.0 1.0 1.0 1.0 1.0 1.0 1.0 1.0 1.0 1.0 1.0 1.0 1.0 1.0 1.0 1.0 1.0 1.0 1.0 1.0 1.0 1.0 1.0 1.0 1.0 1.0 1.0 1.0 1.0 1.0 1.0 1.0 1.0 1.0 1.0 1.0 1.0 1.0 1.0 1.0 1.0 1.0 1.0 1.0 1.0 1.0 1.0 1.0 1.0 1.0 1.0 1.0 1.0 1.0 1.0 1.0 1.0 1.0 1.0 1.0 1.0 1.0 1.0 1.0 1.0 1.0 1.0 1.0 1.0 1.0 1.0 1.0 1.0 1.0 1.0 1.0 1.0 1.0 1.0 1.0 1.0 1.0 1.0 1.0 1.0 1.0 1.0 1.0 1.0 1.0 1.0 1.0 1.0 1.0 1.0 1.0 1.0 1.0 1.0 1.0 1.0 1.0 1.0 1.0 1.0 1.0 1.0 1.0 1.0 1.0 1.0 1.0 1.0 1.0 1.0 1.0 1.0 1.0 1.0 1.0 1.0 1.0 1.0 1.0 1.0 1.0 1.0 1.0 1.0 1.0 1.0 1.0 1.0 1.0 1.0 1.0 1.0 1.0 1.0 1.0 1.0 1.0 1.0 1.0 1.0 1.0 1.0 1.0 1.0 1.0 1.0 1.0 1.0 1.0 1.0 1.0 1.0 1.0 1.0 1.0 1.0 1.0 1.0 1.0 1.0 1.0 1.0" />
		<rgb_ramp name="ColorRamp2" interpolate="True" ramp="0.0 0.0 0.0 0.00393682764935 0.00393682764935 0.00393682764935 0.00393682764935 0.00393682764935 0.00393682764935 0.00393682764935 0.00393682764935 0.00393682764935 0.01177996490425 0.0078431372549 0.0078431372549 0.0078431372549 0.00393682764935 0.00393682764935 0.01177996490425 0.0078431372549 0.0078431372549 0.01177996490425 0.0 0.0 0.01177996490425 0.0 0.0 0.01177996490425 0.0 0.0 0.0156862745098 0.00393682764935 0.0 0.0156862745098 0.00393682764935 0.0 0.0156862745098 0.00393682764935 0.0 0.02352941176471 0.01177996490425 0.00393682764935 0.02352941176471 0.01962310215915 0.00393682764935 0.03137254901961 0.02352941176471 0.0156862745098 0.03530937666896 0.02352941176471 0.0156862745098 0.03530937666896 0.02352941176471 0.0156862745098 0.03530937666896 0.02746623941405 0.0156862745098 0.03530937666896 0.02746623941405 0.0156862745098 0.03921568627451 0.02746623941405 0.0156862745098 0.03921568627451 0.02746623941405 0.01962310215915 0.03137254901961 0.02352941176471 0.00393682764935 0.02746623941405 0.01962310215915 0.00393682764935 0.03530937666896 0.02746623941405 0.00393682764935 0.03530937666896 0.02746623941405 0.00393682764935 0.03530937666896 0.01962310215915 0.00393682764935 0.03530937666896 0.02746623941405 0.00393682764935 0.03530937666896 0.02746623941405 0.00393682764935 0.03530937666896 0.02746623941405 0.00393682764935 0.03530937666896 0.02746623941405 0.00393682764935 0.03530937666896 0.02746623941405 0.00393682764935 0.03530937666896 0.02746623941405 0.00393682764935 0.03530937666896 0.02746623941405 0.00393682764935 0.03530937666896 0.02746623941405 0.00393682764935 0.03530937666896 0.02746623941405 0.00393682764935 0.03530937666896 0.02746623941405 0.00393682764935 0.03530937666896 0.02746623941405 0.00393682764935 0.03530937666896 0.02746623941405 0.00393682764935 0.03530937666896 0.02746623941405 0.00393682764935 0.03530937666896 0.02746623941405 0.00393682764935 0.03530937666896 0.02746623941405 0.00393682764935 0.03530937666896 0.01962310215915 0.00393682764935 0.03137254901961 0.01962310215915 0.00393682764935 0.02746623941405 0.00393682764935 0.0 0.02746623941405 0.00393682764935 0.0 0.02746623941405 0.00393682764935 0.0 0.02746623941405 0.00393682764935 0.0 0.02746623941405 0.00393682764935 0.0 0.02746623941405 0.00393682764935 0.0 0.02746623941405 0.00393682764935 0.0 0.02746623941405 0.00393682764935 0.0 0.02746623941405 0.00393682764935 0.0 0.02746623941405 0.00393682764935 0.0 0.02746623941405 0.00393682764935 0.0 0.02746623941405 0.00393682764935 0.0 0.02746623941405 0.00393682764935 0.0 0.02746623941405 0.00393682764935 0.0 0.02746623941405 0.00393682764935 0.0 0.02746623941405 0.00393682764935 0.0 0.02746623941405 0.00393682764935 0.0 0.02746623941405 0.00393682764935 0.0 0.02746623941405 0.00393682764935 0.0 0.02746623941405 0.00393682764935 0.00393682764935 0.02746623941405 0.00393682764935 0.0 0.02746623941405 0.00393682764935 0.0 0.03137254901961 0.01962310215915 0.0 0.03530937666896 0.02746623941405 0.0 0.03530937666896 0.02746623941405 0.0 0.03530937666896 0.02746623941405 0.0 0.03530937666896 0.02746623941405 0.0 0.03530937666896 0.02746623941405 0.0 0.03530937666896 0.02746623941405 0.0 0.03530937666896 0.02746623941405 0.0 0.03530937666896 0.02746623941405 0.0 0.03530937666896 0.02746623941405 0.0 0.03530937666896 0.02746623941405 0.0 0.03530937666896 0.02746623941405 0.0 0.03530937666896 0.02746623941405 0.0 0.03530937666896 0.02746623941405 0.0 0.03530937666896 0.02746623941405 0.0 0.03530937666896 0.02746623941405 0.0 0.03530937666896 0.02746623941405 0.0 0.03530937666896 0.02746623941405 0.0 0.03530937666896 0.02746623941405 0.0 0.03530937666896 0.02746623941405 0.0 0.03530937666896 0.02746623941405 0.0 0.03137254901961 0.02746623941405 0.00393682764935 0.02746623941405 0.01962310215915 0.0 0.00393682764935 0.00393682764935 0.0 0.00393682764935 0.01962310215915 0.0 0.01962310215915 0.01962310215915 0.0 0.01962310215915 0.00393682764935 0.0 0.02746623941405 0.00393682764935 0.0 0.03137254901961 0.01962310215915 0.00393682764935 0.03530937666896 0.02746623941405 0.00393682764935 0.03137254901961 0.01962310215915 0.00393682764935 0.03137254901961 0.01962310215915 0.00393682764935 0.03530937666896 0.02746623941405 0.00393682764935 0.03137254901961 0.01962310215915 0.00393682764935 0.11374074921798 0.10196078431373 0.09021133745327 0.25882352941176 0.25098039215686 0.23529411764706 0.4156862745098 0.40393682764935 0.39609369039445 0.55684748607614 0.54509803921569 0.53725490196078 0.61959258411536 0.6078431372549 0.5921568627451 0.63527885862516 0.61959258411536 0.6156862745098 0.65880827038987 0.64705882352941 0.63527885862516 0.67058823529412 0.65880827038987 0.64705882352941 0.64705882352941 0.62743572137026 0.6156862745098 0.63527885862516 0.6156862745098 0.6156862745098 0.67058823529412 0.65880827038987 0.65880827038987 0.69411764705882 0.68233768215457 0.68627450980392 0.70586709391928 0.69411764705882 0.70586709391928 0.71764705882353 0.70586709391928 0.70586709391928 0.70586709391928 0.69411764705882 0.70586709391928 0.70586709391928 0.68627450980392 0.69411764705882 0.71764705882353 0.69411764705882 0.70586709391928 0.71764705882353 0.70586709391928 0.70586709391928 0.71764705882353 0.70586709391928 0.70586709391928 0.71764705882353 0.70586709391928 0.70586709391928 0.71764705882353 0.70586709391928 0.70586709391928 0.71764705882353 0.70586709391928 0.70586709391928 0.72939650568399 0.71764705882353 0.71764705882353 0.74117647058824 0.72939650568399 0.72939650568399 0.75292591744869 0.74117647058824 0.74117647058824 0.76470588235294 0.75292591744869 0.76470588235294 0.78823529411765 0.7764553292134 0.7764553292134 0.79607843137255 0.78823529411765 0.78823529411765 0.80782787823301 0.79607843137255 0.7999847409781 0.81176470588235 0.7999847409781 0.80782787823301 0.82351415274281 0.80782787823301 0.80782787823301 0.82351415274281 0.81176470588235 0.81176470588235 0.83920042725261 0.82351415274281 0.82351415274281 0.83920042725261 0.82351415274281 0.82351415274281 0.83920042725261 0.82351415274281 0.82351415274281 0.83920042725261 0.82351415274281 0.82351415274281 0.83920042725261 0.81176470588235 0.82351415274281 0.83920042725261 0.82351415274281 0.82351415274281 0.84704356450752 0.83920042725261 0.83920042725261 0.85488670176242 0.84704356450752 0.84704356450752 0.85882352941176 0.84704356450752 0.84704356450752 0.86666666666667 0.85488670176242 0.85488670176242 0.86666666666667 0.85488670176242 0.85488670176242 0.87057297627222 0.85882352941176 0.85882352941176 0.89019607843137 0.87057297627222 0.89019607843137 0.90978866254673 0.89803921568627 0.89803921568627 0.91763179980163 0.90978866254673 0.90978866254673 0.92156862745098 0.90978866254673 0.91763179980163 0.92547493705653 0.91763179980163 0.91763179980163 0.92547493705653 0.91763179980163 0.92156862745098 0.93725490196078 0.92156862745098 0.92156862745098 0.93725490196078 0.92156862745098 0.92156862745098 0.93725490196078 0.92156862745098 0.92156862745098 0.93725490196078 0.92156862745098 0.92156862745098 0.93725490196078 0.92156862745098 0.92547493705653 0.94509803921569 0.93725490196078 0.94509803921569 0.95684748607614 0.94509803921569 0.94509803921569 0.95684748607614 0.94509803921569 0.94509803921569 0.96862745098039 0.95684748607614 0.95684748607614 0.96862745098039 0.95684748607614 0.95684748607614 0.96862745098039 0.95684748607614 0.95684748607614 0.96862745098039 0.95684748607614 0.95684748607614 0.96862745098039 0.95684748607614 0.95684748607614 0.96862745098039 0.95684748607614 0.96862745098039 0.97253376058595 0.96862745098039 0.96862745098039 0.97253376058595 0.96862745098039 0.96862745098039 0.97253376058595 0.96862745098039 0.96862745098039 0.9843137254902 0.96862745098039 0.96862745098039 0.9843137254902 0.96862745098039 0.96862745098039 0.97253376058595 0.96862745098039 0.96862745098039 0.9843137254902 0.96862745098039 0.96862745098039 0.97253376058595 0.96862745098039 0.96862745098039 0.97253376058595 0.96862745098039 0.96862745098039 0.97253376058595 0.96862745098039 0.96862745098039 0.97253376058595 0.96862745098039 0.96862745098039 0.97253376058595 0.96862745098039 0.96862745098039 0.97253376058595 0.96862745098039 0.96862745098039 0.97253376058595 0.96862745098039 0.96862745098039 0.97253376058595 0.96862745098039 0.96862745098039 0.97253376058595 0.96862745098039 0.96862745098039 0.97253376058595 0.96862745098039 0.96862745098039 0.97253376058595 0.96862745098039 0.96862745098039 0.97253376058595 0.96862745098039 0.96862745098039 0.97253376058595 0.96862745098039 0.96862745098039 0.97253376058595 0.96862745098039 0.96862745098039 0.97253376058595 0.96862745098039 0.96862745098039 0.9843137254902 0.96862745098039 0.96862745098039 0.9843137254902 0.96862745098039 0.97253376058595 0.98822003509575 0.97253376058595 0.97253376058595 0.98822003509575 0.97253376058595 0.97253376058595 0.98822003509575 0.97253376058595 0.97253376058595 0.98822003509575 0.97253376058595 0.97253376058595 0.98822003509575 0.97253376058595 0.97253376058595 0.98822003509575 0.97253376058595 0.97253376058595 0.98822003509575 0.97253376058595 0.97253376058595 0.98822003509575 0.97253376058595 0.97253376058595 0.98822003509575 0.97253376058595 0.97253376058595 0.98822003509575 0.97253376058595 0.97253376058595 0.98822003509575 0.97253376058595 0.97253376058595 0.98822003509575 0.97253376058595 0.97253376058595 0.98822003509575 0.97253376058595 0.97253376058595 0.98822003509575 0.97253376058595 0.97253376058595 0.98822003509575 0.97253376058595 0.97253376058595 0.98822003509575 0.97253376058595 0.97253376058595 0.98822003509575 0.97253376058595 0.97253376058595 0.98822003509575 0.97253376058595 0.97253376058595 0.98822003509575 0.97253376058595 0.97253376058595 0.98822003509575 0.97253376058595 0.97253376058595 0.9843137254902 0.96862745098039 0.97253376058595 0.9843137254902 0.96862745098039 0.96862745098039 0.97253376058595 0.96862745098039 0.96862745098039 0.97253376058595 0.96862745098039 0.96862745098039 0.97253376058595 0.96862745098039 0.96862745098039 0.9843137254902 0.96862745098039 0.96862745098039 0.9843137254902 0.96862745098039 0.96862745098039 0.9843137254902 0.96862745098039 0.96862745098039 0.98822003509575 0.97253376058595 0.97253376058595 0.98822003509575 0.97253376058595 0.9843137254902 0.9921568627451 0.9843137254902 0.9843137254902 0.98822003509575 0.97253376058595 0.9843137254902 0.9843137254902 0.96862745098039 0.96862745098039 0.96862745098039 0.95684748607614 0.95684748607614 0.96862745098039 0.95684748607614 0.95684748607614 0.96862745098039 0.95684748607614 0.95684748607614 0.96862745098039 0.95684748607614 0.95684748607614 0.96862745098039 0.95684748607614 0.95684748607614 0.96862745098039 0.95684748607614 0.95684748607614 0.96862745098039 0.95684748607614 0.95684748607614 0.96862745098039 0.95684748607614 0.95684748607614 0.96862745098039 0.95684748607614 0.95684748607614 0.96862745098039 0.95684748607614 0.95684748607614 0.96862745098039 0.95684748607614 0.95684748607614 0.96862745098039 0.95684748607614 0.95684748607614 0.96862745098039 0.95684748607614 0.95684748607614 0.96862745098039 0.95684748607614 0.95684748607614 0.96862745098039 0.95684748607614 0.95684748607614 0.96862745098039 0.95684748607614 0.95684748607614 0.96862745098039 0.95684748607614 0.95684748607614 0.96862745098039 0.95684748607614 0.95684748607614 0.96862745098039 0.95684748607614 0.95684748607614 0.96862745098039 0.95684748607614 0.95684748607614 0.96862745098039 0.95684748607614 0.95684748607614 0.96862745098039 0.95684748607614 0.95684748607614 0.96862745098039 0.95684748607614 0.96862745098039 0.97253376058595 0.96862745098039 0.96862745098039 0.9843137254902 0.96862745098039 0.96862745098039 0.98822003509575 0.97253376058595 0.9843137254902 0.9921568627451 0.9843137254902 0.98822003509575 1.0 0.98822003509575 0.9921568627451 1.0 0.9921568627451 1.0 1.0 0.98822003509575 0.9921568627451 1.0 0.9921568627451 1.0 1.0 0.9921568627451 1.0 0.98822003509575 0.98822003509575 0.98822003509575 1.0 1.0 1.0 1.0 1.0 1.0" ramp_alpha="1.0 1.0 1.0 1.0 1.0 1.0 1.0 1.0 1.0 1.0 1.0 1.0 1.0 1.0 1.0 1.0 1.0 1.0 1.0 1.0 1.0 1.0 1.0 1.0 1.0 1.0 1.0 1.0 1.0 1.0 1.0 1.0 1.0 1.0 1.0 1.0 1.0 1.0 1.0 1.0 1.0 1.0 1.0 1.0 1.0 1.0 1.0 1.0 1.0 1.0 1.0 1.0 1.0 1.0 1.0 1.0 1.0 1.0 1.0 1.0 1.0 1.0 1.0 1.0 1.0 1.0 1.0 1.0 1.0 1.0 1.0 1.0 1.0 1.0 1.0 1.0 1.0 1.0 1.0 1.0 1.0 1.0 1.0 1.0 1.0 1.0 1.0 1.0 1.0 1.0 1.0 1.0 1.0 1.0 1.0 1.0 1.0 1.0 1.0 1.0 1.0 1.0 1.0 1.0 1.0 1.0 1.0 1.0 1.0 1.0 1.0 1.0 1.0 1.0 1.0 1.0 1.0 1.0 1.0 1.0 1.0 1.0 1.0 1.0 1.0 1.0 1.0 1.0 1.0 1.0 1.0 1.0 1.0 1.0 1.0 1.0 1.0 1.0 1.0 1.0 1.0 1.0 1.0 1.0 1.0 1.0 1.0 1.0 1.0 1.0 1.0 1.0 1.0 1.0 1.0 1.0 1.0 1.0 1.0 1.0 1.0 1.0 1.0 1.0 1.0 1.0 1.0 1.0 1.0 1.0 1.0 1.0 1.0 1.0 1.0 1.0 1.0 1.0 1.0 1.0 1.0 1.0 1.0 1.0 1.0 1.0 1.0 1.0 1.0 1.0 1.0 1.0 1.0 1.0 1.0 1.0 1.0 1.0 1.0 1.0 1.0 1.0 1.0 1.0 1.0 1.0 1.0 1.0 1.0 1.0 1.0 1.0 1.0 1.0 1.0 1.0 1.0 1.0 1.0 1.0 1.0 1.0 1.0 1.0 1.0 1.0 1.0 1.0 1.0 1.0 1.0 1.0 1.0 1.0 1.0 1.0 1.0 1.0 1.0 1.0 1.0 1.0 1.0 1.0 1.0 1.0 1.0 1.0 1.0 1.0 1.0 1.0 1.0 1.0 1.0 1.0" />
		<rgb_ramp name="ColorRamp3" interpolate="True" ramp="0.0 0.0 0.0 0.0 0.0 0.0 0.0 0.0 0.0 0.0 0.0 0.0 0.0 0.0 0.0 0.0 0.0 0.0 0.0 0.0 0.0 0.0 0.0 0.0 0.0 0.0 0.0 0.0 0.0 0.0 0.0 0.0 0.0 0.0 0.0 0.0 0.0 0.0 0.0 0.0 0.0 0.0 0.0 0.0 0.0 0.0 0.0 0.0 0.0 0.0 0.0 0.0 0.0 0.0 0.0 0.0 0.0 0.0 0.0 0.0 0.0 0.0 0.0 0.0 0.0 0.0 0.0 0.0 0.0 0.0 0.0 0.0 0.0 0.0 0.0 0.0 0.0 0.0 0.0 0.0 0.0 0.0 0.0 0.0 0.0 0.0 0.0 0.0 0.0 0.0 0.0 0.0 0.0 0.0 0.0 0.0 0.0 0.0 0.0 0.0 0.0 0.0 0.0 0.0 0.0 0.0 0.0 0.0 0.0 0.0 0.0 0.0 0.0 0.0 0.0 0.0 0.0 0.0 0.0 0.0 0.0 0.0 0.0 0.0 0.0 0.0 0.0 0.0 0.0 0.0 0.0 0.0 0.0 0.0 0.0 0.0 0.0 0.0 0.0 0.0 0.0 0.0 0.0 0.0 0.0 0.0 0.0 0.0 0.0 0.0 0.0 0.0 0.0 0.0 0.0 0.0 0.0 0.0 0.0 0.0 0.0 0.0 0.0 0.0 0.0 0.0 0.0 0.0 0.0 0.0 0.0 0.0 0.0 0.0 0.0 0.0 0.0 0.0 0.0 0.0 0.0 0.0 0.0 0.0 0.0 0.0 0.0 0.0 0.0 0.0 0.0 0.0 0.0 0.0 0.0 0.0 0.0 0.0 0.0 0.0 0.0 0.0 0.0 0.0 0.0 0.0 0.0 0.0 0.0 0.0 0.0 0.0 0.0 0.0 0.0 0.0 0.0 0.0 0.0 0.0 0.0 0.0 0.0 0.0 0.0 0.0 0.0 0.0 0.0 0.0 0.0 0.0 0.0 0.0 0.0 0.0 0.0 0.0 0.0 0.0 0.0 0.0 0.0 0.0 0.0 0.0 0.0 0.0 0.0 0.0 0.0 0.0 0.0 0.0 0.0 0.0 0.0 0.0 0.0 0.0 0.0 0.0 0.0 0.0 0.0 0.0 0.0 0.0 0.0 0.0 0.0 0.0 0.0 0.0 0.0 0.0 0.0 0.0 0.0 0.0078431372549 0.0078431372549 0.0078431372549 0.03137254901961 0.03137254901961 0.03137254901961 0.06274509803922 0.06274509803922 0.06274509803922 0.12942702372778 0.12942702372778 0.12942702372778 0.29413290608072 0.29413290608072 0.29413290608072 0.43137254901961 0.43137254901961 0.43137254901961 0.51763179980163 0.51763179980163 0.51763179980163 0.55684748607614 0.55684748607614 0.55684748607614 0.6156862745098 0.6156862745098 0.6156862745098 0.67449454489967 0.67449454489967 0.67449454489967 0.71371023117418 0.71371023117418 0.71371023117418 0.75292591744869 0.75292591744869 0.75292591744869 0.7842984664683 0.7842984664683 0.7842984664683 0.81960784313725 0.81960784313725 0.81960784313725 0.84704356450752 0.84704356450752 0.84704356450752 0.88235294117647 0.88235294117647 0.88235294117647 0.91763179980163 0.91763179980163 0.91763179980163 0.94900434882124 0.94900434882124 0.94900434882124 0.98037689784085 0.98037689784085 0.98037689784085 1.0 1.0 1.0 1.0 1.0 1.0 1.0 1.0 1.0 1.0 1.0 1.0 1.0 1.0 1.0 1.0 1.0 1.0 1.0 1.0 1.0 1.0 1.0 1.0 1.0 1.0 1.0 1.0 1.0 1.0 1.0 1.0 1.0 1.0 1.0 1.0 1.0 1.0 1.0 1.0 1.0 1.0 1.0 1.0 1.0 1.0 1.0 1.0 1.0 1.0 1.0 1.0 1.0 1.0 1.0 1.0 1.0 1.0 1.0 1.0 1.0 1.0 1.0 1.0 1.0 1.0 1.0 1.0 1.0 1.0 1.0 1.0 1.0 1.0 1.0 1.0 1.0 1.0 1.0 1.0 1.0 1.0 1.0 1.0 1.0 1.0 1.0 1.0 1.0 1.0 1.0 1.0 1.0 1.0 1.0 1.0 1.0 1.0 1.0 1.0 1.0 1.0 1.0 1.0 1.0 1.0 1.0 1.0 1.0 1.0 1.0 1.0 1.0 1.0 1.0 1.0 1.0 1.0 1.0 1.0 1.0 1.0 1.0 1.0 1.0 1.0 1.0 1.0 1.0 1.0 1.0 1.0 1.0 1.0 1.0 1.0 1.0 1.0 1.0 1.0 1.0 1.0 1.0 1.0 1.0 1.0 1.0 1.0 1.0 1.0 1.0 1.0 1.0 1.0 1.0 1.0 1.0 1.0 1.0 1.0 1.0 1.0 1.0 1.0 1.0 1.0 1.0 1.0 1.0 1.0 1.0 1.0 1.0 1.0 1.0 1.0 1.0 1.0 1.0 1.0 1.0 1.0 1.0 1.0 1.0 1.0 1.0 1.0 1.0 1.0 1.0 1.0 1.0 1.0 1.0 1.0 1.0 1.0 1.0 1.0 1.0 1.0 1.0 1.0 1.0 1.0 1.0 1.0 1.0 1.0 1.0 1.0 1.0 1.0 1.0 1.0 1.0 1.0 1.0 1.0 1.0 1.0 1.0 1.0 1.0 1.0 1.0 1.0 1.0 1.0 1.0 1.0 1.0 1.0 1.0 1.0 1.0 1.0 1.0 1.0 1.0 1.0 1.0 1.0 1.0 1.0 1.0 1.0 1.0 1.0 1.0 1.0 1.0 1.0 1.0 1.0 1.0 1.0 1.0 1.0 1.0 1.0 1.0 1.0 1.0 1.0 1.0 1.0 1.0 1.0 1.0 1.0 1.0 1.0 1.0 1.0 1.0 1.0 1.0 1.0 1.0 1.0 1.0 1.0 1.0 1.0 1.0 1.0 1.0 1.0 1.0 1.0 1.0 1.0 1.0 1.0 1.0 1.0 1.0 1.0 1.0 1.0 1.0 1.0 1.0 1.0 1.0 1.0 1.0 1.0 1.0 1.0 1.0 1.0 1.0 1.0 1.0 1.0 1.0 1.0 1.0 1.0 1.0 1.0 1.0 1.0 1.0 1.0 1.0 1.0 1.0 1.0 1.0 1.0 1.0 1.0 1.0 1.0 1.0 1.0 1.0 1.0 1.0 1.0 1.0 1.0 1.0 1.0 1.0 1.0 1.0 1.0 1.0 1.0 1.0 1.0 1.0 1.0 1.0 1.0 1.0 1.0 1.0 1.0 1.0 1.0 1.0 1.0 1.0 1.0 1.0 1.0 1.0 1.0 1.0 1.0 1.0 1.0 1.0 1.0 1.0 1.0 1.0 1.0 1.0 1.0 1.0 1.0 1.0 1.0 1.0 1.0 1.0 1.0 1.0 1.0 1.0 1.0 1.0 1.0 1.0 1.0 1.0 1.0 1.0 1.0 1.0 1.0 1.0 1.0 1.0 1.0 1.0 1.0 1.0 1.0 1.0 1.0 1.0 1.0 1.0 1.0 1.0 1.0 1.0 1.0 1.0 1.0 1.0 1.0 1.0 1.0" ramp_alpha="1.0 1.0 1.0 1.0 1.0 1.0 1.0 1.0 1.0 1.0 1.0 1.0 1.0 1.0 1.0 1.0 1.0 1.0 1.0 1.0 1.0 1.0 1.0 1.0 1.0 1.0 1.0 1.0 1.0 1.0 1.0 1.0 1.0 1.0 1.0 1.0 1.0 1.0 1.0 1.0 1.0 1.0 1.0 1.0 1.0 1.0 1.0 1.0 1.0 1.0 1.0 1.0 1.0 1.0 1.0 1.0 1.0 1.0 1.0 1.0 1.0 1.0 1.0 1.0 1.0 1.0 1.0 1.0 1.0 1.0 1.0 1.0 1.0 1.0 1.0 1.0 1.0 1.0 1.0 1.0 1.0 1.0 1.0 1.0 1.0 1.0 1.0 1.0 1.0 1.0 1.0 1.0 1.0 1.0 1.0 1.0 1.0 1.0 1.0 1.0 1.0 1.0 1.0 1.0 1.0 1.0 1.0 1.0 1.0 1.0 1.0 1.0 1.0 1.0 1.0 1.0 1.0 1.0 1.0 1.0 1.0 1.0 1.0 1.0 1.0 1.0 1.0 1.0 1.0 1.0 1.0 1.0 1.0 1.0 1.0 1.0 1.0 1.0 1.0 1.0 1.0 1.0 1.0 1.0 1.0 1.0 1.0 1.0 1.0 1.0 1.0 1.0 1.0 1.0 1.0 1.0 1.0 1.0 1.0 1.0 1.0 1.0 1.0 1.0 1.0 1.0 1.0 1.0 1.0 1.0 1.0 1.0 1.0 1.0 1.0 1.0 1.0 1.0 1.0 1.0 1.0 1.0 1.0 1.0 1.0 1.0 1.0 1.0 1.0 1.0 1.0 1.0 1.0 1.0 1.0 1.0 1.0 1.0 1.0 1.0 1.0 1.0 1.0 1.0 1.0 1.0 1.0 1.0 1.0 1.0 1.0 1.0 1.0 1.0 1.0 1.0 1.0 1.0 1.0 1.0 1.0 1.0 1.0 1.0 1.0 1.0 1.0 1.0 1.0 1.0 1.0 1.0 1.0 1.0 1.0 1.0 1.0 1.0 1.0 1.0 1.0 1.0 1.0 1.0 1.0 1.0 1.0 1.0 1.0 1.0 1.0 1.0 1.0 1.0 1.0 1.0" />
		<rgb_ramp name="ColorRamp4" interpolate="True" ramp="1.0 1.0 1.0 1.0 1.0 1.0 1.0 1.0 1.0 1.0 1.0 1.0 1.0 1.0 1.0 1.0 1.0 1.0 1.0 1.0 1.0 1.0 1.0 1.0 0.9843137254902 1.0 1.0 0.9843137254902 0.9843137254902 1.0 1.0 1.0 0.9843137254902 0.9843137254902 1.0 0.9843137254902 1.0 1.0 1.0 0.9843137254902 0.9843137254902 0.9843137254902 0.9843137254902 1.0 0.9843137254902 0.96469062333104 0.9843137254902 0.9843137254902 0.96469062333104 0.9843137254902 0.96469062333104 0.96469062333104 0.9843137254902 0.9843137254902 0.96469062333104 0.96469062333104 0.9843137254902 0.9843137254902 0.96469062333104 0.96469062333104 0.96469062333104 0.96469062333104 0.96469062333104 0.96469062333104 0.94900434882124 0.96469062333104 0.96469062333104 0.94900434882124 0.94900434882124 0.96469062333104 0.96469062333104 0.94900434882124 0.96469062333104 0.94900434882124 0.96469062333104 0.94900434882124 0.94900434882124 0.94900434882124 0.94900434882124 0.94900434882124 0.94900434882124 0.94900434882124 0.94900434882124 0.94900434882124 0.94900434882124 0.94900434882124 0.94900434882124 0.94900434882124 0.94900434882124 0.94900434882124 0.94900434882124 0.94900434882124 0.94900434882124 0.94900434882124 0.94900434882124 0.94900434882124 0.94900434882124 0.94900434882124 0.94900434882124 0.94900434882124 0.94900434882124 0.91372549019608 0.94900434882124 0.91372549019608 0.94900434882124 0.94900434882124 0.91372549019608 0.91372549019608 0.91372549019608 0.91372549019608 0.91372549019608 0.91372549019608 0.91372549019608 0.91372549019608 0.91372549019608 0.91372549019608 0.91372549019608 0.91372549019608 0.91372549019608 0.91372549019608 0.91372549019608 0.91372549019608 0.91372549019608 0.91372549019608 0.91372549019608 0.91372549019608 0.91372549019608 0.88235294117647 0.91372549019608 0.91372549019608 0.91372549019608 0.88235294117647 0.88235294117647 0.88235294117647 0.88235294117647 0.88235294117647 0.88235294117647 0.88235294117647 0.88235294117647 0.88235294117647 0.88235294117647 0.88235294117647 0.88235294117647 0.88235294117647 0.88235294117647 0.88235294117647 0.88235294117647 0.88235294117647 0.88235294117647 0.88235294117647 0.88235294117647 0.88235294117647 0.88235294117647 0.84704356450752 0.88235294117647 0.84704356450752 0.88235294117647 0.88235294117647 0.84704356450752 0.84704356450752 0.84704356450752 0.84704356450752 0.83135728999771 0.84704356450752 0.84704356450752 0.84704356450752 0.84704356450752 0.84704356450752 0.84704356450752 0.84704356450752 0.84704356450752 0.83135728999771 0.83135728999771 0.83135728999771 0.83135728999771 0.83135728999771 0.83135728999771 0.83135728999771 0.83135728999771 0.83135728999771 0.83135728999771 0.83135728999771 0.81176470588235 0.81176470588235 0.81176470588235 0.81176470588235 0.81176470588235 0.81176470588235 0.81176470588235 0.81176470588235 0.81176470588235 0.81176470588235 0.81176470588235 0.79607843137255 0.79607843137255 0.79607843137255 0.79607843137255 0.81176470588235 0.79607843137255 0.79607843137255 0.79607843137255 0.78039215686275 0.79607843137255 0.79607843137255 0.79607843137255 0.79607843137255 0.78039215686275 0.78039215686275 0.78039215686275 0.78039215686275 0.78039215686275 0.78039215686275 0.78039215686275 0.78039215686275 0.78039215686275 0.78039215686275 0.78039215686275 0.78039215686275 0.78039215686275 0.78039215686275 0.78039215686275 0.78039215686275 0.74508278019379 0.78039215686275 0.78039215686275 0.74508278019379 0.78039215686275 0.78039215686275 0.74508278019379 0.78039215686275 0.74508278019379 0.74508278019379 0.74508278019379 0.74508278019379 0.74508278019379 0.74508278019379 0.74508278019379 0.74508278019379 0.74508278019379 0.74508278019379 0.74508278019379 0.74508278019379 0.74508278019379 0.74508278019379 0.74508278019379 0.74508278019379 0.74508278019379 0.74508278019379 0.74508278019379 0.71371023117418 0.71371023117418 0.74508278019379 0.71371023117418 0.71371023117418 0.74508278019379 0.71371023117418 0.71371023117418 0.71371023117418 0.71371023117418 0.71371023117418 0.71371023117418 0.71371023117418 0.71371023117418 0.71371023117418 0.71371023117418 0.71371023117418 0.71371023117418 0.67843137254902 0.71371023117418 0.67843137254902 0.71371023117418 0.67843137254902 0.67843137254902 0.67843137254902 0.67843137254902 0.67843137254902 0.67843137254902 0.67843137254902 0.67843137254902 0.67843137254902 0.67843137254902 0.67843137254902 0.66274509803922 0.67843137254902 0.66274509803922 0.66274509803922 0.66274509803922 0.66274509803922 0.64312199588006 0.64312199588006 0.64312199588006 0.64312199588006 0.66274509803922 0.64312199588006 0.64312199588006 0.64312199588006 0.64312199588006 0.64312199588006 0.64312199588006 0.64312199588006 0.62743572137026 0.64312199588006 0.62743572137026 0.62743572137026 0.62743572137026 0.62743572137026 0.62743572137026 0.62743572137026 0.62743572137026 0.61174944686046 0.61174944686046 0.62743572137026 0.62743572137026 0.61174944686046 0.61174944686046 0.61174944686046 0.61174944686046 0.61174944686046 0.61174944686046 0.61174944686046 0.61174944686046 0.61174944686046 0.61174944686046 0.61174944686046 0.61174944686046 0.61174944686046 0.61174944686046 0.61174944686046 0.61174944686046 0.61174944686046 0.61174944686046 0.61174944686046 0.57647058823529 0.61174944686046 0.57647058823529 0.57647058823529 0.57647058823529 0.57647058823529 0.57647058823529 0.57647058823529 0.57647058823529 0.57647058823529 0.57647058823529 0.57647058823529 0.57647058823529 0.57647058823529 0.57647058823529 0.57647058823529 0.57647058823529 0.57647058823529 0.57647058823529 0.54116121156634 0.54116121156634 0.54116121156634 0.54116121156634 0.54116121156634 0.57647058823529 0.54116121156634 0.54116121156634 0.54116121156634 0.54116121156634 0.54116121156634 0.54116121156634 0.54116121156634 0.54116121156634 0.54116121156634 0.54116121156634 0.54116121156634 0.54116121156634 0.54116121156634 0.54116121156634 0.54116121156634 0.54116121156634 0.50978866254673 0.54116121156634 0.50978866254673 0.50978866254673 0.50978866254673 0.49021133745327 0.50978866254673 0.49021133745327 0.50978866254673 0.49021133745327 0.50978866254673 0.50978866254673 0.49021133745327 0.49021133745327 0.49021133745327 0.49021133745327 0.47452506294347 0.47452506294347 0.49021133745327 0.49021133745327 0.49021133745327 0.49021133745327 0.49021133745327 0.47452506294347 0.47452506294347 0.47452506294347 0.45883878843366 0.45883878843366 0.47452506294347 0.45883878843366 0.45883878843366 0.45883878843366 0.45883878843366 0.45883878843366 0.47452506294347 0.45883878843366 0.45883878843366 0.45883878843366 0.43921568627451 0.45883878843366 0.45883878843366 0.43921568627451 0.43921568627451 0.45883878843366 0.43921568627451 0.43921568627451 0.43921568627451 0.43921568627451 0.43921568627451 0.43921568627451 0.43921568627451 0.43921568627451 0.43921568627451 0.43921568627451 0.43921568627451 0.43921568627451 0.43921568627451 0.43921568627451 0.43921568627451 0.4078431372549 0.43921568627451 0.4078431372549 0.4078431372549 0.4078431372549 0.4078431372549 0.4078431372549 0.4078431372549 0.4078431372549 0.4078431372549 0.4078431372549 0.4078431372549 0.4078431372549 0.4078431372549 0.4078431372549 0.4078431372549 0.4078431372549 0.4078431372549 0.4078431372549 0.4078431372549 0.37256427862974 0.4078431372549 0.37256427862974 0.37256427862974 0.37256427862974 0.37256427862974 0.37256427862974 0.37256427862974 0.37256427862974 0.37256427862974 0.37256427862974 0.37256427862974 0.37256427862974 0.37256427862974 0.37256427862974 0.37256427862974 0.37256427862974 0.37256427862974 0.37256427862974 0.37256427862974 0.33725490196078 0.37256427862974 0.33725490196078 0.37256427862974 0.33725490196078 0.33725490196078 0.33725490196078 0.33725490196078 0.33725490196078 0.33725490196078 0.33725490196078 0.33725490196078 0.32156862745098 0.32156862745098 0.32156862745098 0.32156862745098 0.32156862745098 0.32156862745098 0.32156862745098 0.30588235294118 0.30588235294118 0.32156862745098 0.32156862745098 0.32156862745098 0.30588235294118 0.30588235294118 0.30588235294118 0.30588235294118 0.30588235294118 0.30588235294118 0.30588235294118 0.30588235294118 0.28628976882582 0.30588235294118 0.28628976882582 0.28628976882582 0.28628976882582 0.28628976882582 0.28628976882582 0.27060349431601 0.28628976882582 0.28628976882582 0.28628976882582 0.27060349431601 0.27060349431601 0.27060349431601 0.27060349431601 0.27060349431601 0.27060349431601 0.27060349431601 0.27060349431601 0.27060349431601 0.27060349431601 0.27060349431601 0.25491721980621 0.27060349431601 0.25491721980621 0.25491721980621 0.25491721980621 0.25491721980621 0.25491721980621 0.25491721980621 0.25491721980621 0.23923094529641 0.25491721980621 0.23923094529641 0.23923094529641 0.23923094529641 0.23923094529641 0.23923094529641 0.23923094529641 0.23923094529641 0.23923094529641 0.23923094529641 0.23923094529641 0.23923094529641 0.23923094529641 0.23923094529641 0.23923094529641 0.23923094529641 0.23923094529641 0.23923094529641 0.23923094529641 0.23923094529641 0.20392156862745 0.23923094529641 0.20392156862745 0.23923094529641 0.23923094529641 0.20392156862745 0.20392156862745 0.23923094529641 0.20392156862745 0.20392156862745 0.20392156862745 0.20392156862745 0.20392156862745 0.20392156862745 0.20392156862745 0.20392156862745 0.20392156862745 0.20392156862745 0.20392156862745 0.20392156862745 0.20392156862745 0.20392156862745 0.20392156862745 0.20392156862745 0.20392156862745 0.20392156862745 0.16864271000229 0.16864271000229 0.16864271000229 0.16864271000229 0.16864271000229 0.16864271000229 0.16864271000229 0.16864271000229 0.16864271000229 0.16864271000229 0.16864271000229 0.16864271000229 0.16864271000229 0.16864271000229 0.15295643549248 0.16864271000229 0.16864271000229 0.15295643549248 0.15295643549248 0.15295643549248 0.15295643549248 0.13727016098268 0.15295643549248 0.15295643549248 0.13727016098268 0.15295643549248 0.13727016098268 0.13727016098268 0.13727016098268 0.13727016098268 0.15295643549248 0.13727016098268 0.13727016098268 0.13727016098268 0.13727016098268 0.13727016098268 0.13727016098268 0.11764705882353 0.13727016098268 0.11764705882353 0.11764705882353 0.11764705882353 0.11764705882353 0.11764705882353 0.11764705882353 0.11764705882353 0.11764705882353 0.11764705882353 0.10196078431373 0.10196078431373 0.11764705882353 0.11764705882353 0.11764705882353 0.11764705882353 0.10196078431373 0.10196078431373 0.10196078431373 0.10196078431373 0.10196078431373 0.10196078431373 0.10196078431373 0.10196078431373 0.10196078431373 0.08627450980392 0.08627450980392 0.10196078431373 0.08627450980392 0.10196078431373 0.10196078431373 0.08627450980392 0.10196078431373 0.08627450980392 0.08627450980392 0.08627450980392 0.08627450980392 0.08627450980392 0.08627450980392 0.08627450980392 0.06668192568856 0.06668192568856 0.08627450980392 0.08627450980392 0.06668192568856 0.06668192568856 0.08627450980392 0.06668192568856 0.08627450980392 0.06668192568856 0.06668192568856 0.06668192568856 0.06668192568856 0.06668192568856 0.06668192568856 0.06668192568856 0.06668192568856 0.06668192568856 0.06668192568856 0.06668192568856 0.06668192568856 0.06668192568856 0.06668192568856 0.06668192568856 0.06668192568856 0.06668192568856 0.06668192568856 0.06668192568856 0.03530937666896 0.06668192568856 0.06668192568856 0.06668192568856 0.06668192568856 0.03530937666896 0.06668192568856 0.06668192568856 0.03530937666896 0.06668192568856 0.03530937666896 0.03530937666896 0.03530937666896 0.03530937666896 0.03530937666896 0.03530937666896 0.03530937666896 0.03530937666896 0.03530937666896 0.03530937666896 0.03530937666896 0.03530937666896 0.03530937666896 0.03530937666896 0.03530937666896 0.03530937666896 0.03530937666896 0.03530937666896 0.03530937666896 0.03530937666896 0.03530937666896 0.03530937666896 0.03530937666896 0.03530937666896 0.03530937666896 0.03530937666896 0.03530937666896 0.03530937666896 0.0 0.03530937666896 0.0 0.03530937666896 0.03530937666896 0.03530937666896 0.03530937666896 0.0 0.0 0.0 0.0 0.03530937666896 0.0 0.0 0.0 0.0 0.0 0.0 0.0 0.0 0.0 0.0 0.0 0.0 0.0 0.0 0.0 0.0 0.0 0.0 0.0 0.0 0.0 0.0 0.0 0.0 0.0 0.0 0.0 0.0 0.0 0.0" ramp_alpha="1.0 1.0 1.0 1.0 1.0 1.0 1.0 1.0 1.0 1.0 1.0 1.0 1.0 1.0 1.0 1.0 1.0 1.0 1.0 1.0 1.0 1.0 1.0 1.0 1.0 1.0 1.0 1.0 1.0 1.0 1.0 1.0 1.0 1.0 1.0 1.0 1.0 1.0 1.0 1.0 1.0 1.0 1.0 1.0 1.0 1.0 1.0 1.0 1.0 1.0 1.0 1.0 1.0 1.0 1.0 1.0 1.0 1.0 1.0 1.0 1.0 1.0 1.0 1.0 1.0 1.0 1.0 1.0 1.0 1.0 1.0 1.0 1.0 1.0 1.0 1.0 1.0 1.0 1.0 1.0 1.0 1.0 1.0 1.0 1.0 1.0 1.0 1.0 1.0 1.0 1.0 1.0 1.0 1.0 1.0 1.0 1.0 1.0 1.0 1.0 1.0 1.0 1.0 1.0 1.0 1.0 1.0 1.0 1.0 1.0 1.0 1.0 1.0 1.0 1.0 1.0 1.0 1.0 1.0 1.0 1.0 1.0 1.0 1.0 1.0 1.0 1.0 1.0 1.0 1.0 1.0 1.0 1.0 1.0 1.0 1.0 1.0 1.0 1.0 1.0 1.0 1.0 1.0 1.0 1.0 1.0 1.0 1.0 1.0 1.0 1.0 1.0 1.0 1.0 1.0 1.0 1.0 1.0 1.0 1.0 1.0 1.0 1.0 1.0 1.0 1.0 1.0 1.0 1.0 1.0 1.0 1.0 1.0 1.0 1.0 1.0 1.0 1.0 1.0 1.0 1.0 1.0 1.0 1.0 1.0 1.0 1.0 1.0 1.0 1.0 1.0 1.0 1.0 1.0 1.0 1.0 1.0 1.0 1.0 1.0 1.0 1.0 1.0 1.0 1.0 1.0 1.0 1.0 1.0 1.0 1.0 1.0 1.0 1.0 1.0 1.0 1.0 1.0 1.0 1.0 1.0 1.0 1.0 1.0 1.0 1.0 1.0 1.0 1.0 1.0 1.0 1.0 1.0 1.0 1.0 1.0 1.0 1.0 1.0 1.0 1.0 1.0 1.0 1.0 1.0 1.0 1.0 1.0 1.0 1.0 1.0 1.0 1.0 1.0 1.0 1.0" />

		<!-- Silver -->
		<!-- color name="OuterColor" value="0.9 0.9 1.0" -->
		<!-- Brass -->
		<color name="OuterColor" value="!ColourRValue1! !ColourGValue1! !ColourBValue1!" >
			<output name="Color" type="color" />
		</color>

		<!-- Rust -->
		<!-- color name="InnerColor" value="0.1265 0.0329 0.0" -->
		<!-- Dark Grey -->
		<color name="InnerColor" value="!ColourRValue2! !ColourGValue2! !ColourBValue2!" >
			<output name="Color" type="color" />
		</color>

		<bump name="Bump1" enable="True" invert="False" >
			<input name="Strength" type="float" value="0.08" />
			<input name="Distance" type="float" value="1.0" />
			<input name="Height" type="float" value="1.0" />
			<output name="Normal" type="vector" value="0.0 0.0 0.0" />
		</bump>

		<mix name="MixColor" type="mix" use_clamp="False" >
			<input name="Fac" type="float" value="1.000" />
			<input name="Color1" type="color" value="1.0 1.0 0.0" />
			<input name="Color2" type="color" value="1.0 1.0 1.0" />
			<output name="Color" type="color" />
		</mix>

		<bump name="Bump2" enable="True" invert="False" >
			<input name="Strength" type="float" value="0.2" />
			<input name="Distance" type="float" value="1.0" />
			<input name="Height" type="float" value="1.0" />
			<input name="Normal" type="vector" value="0.0 0.0 0.0" />
			<output name="Normal" type="vector" value="0.0 0.0 0.0" />
		</bump>

		<bump name="Bump3" enable="True" invert="False" >
			<input name="Strength" type="float" value="0.25" />
			<input name="Distance" type="float" value="1.0" />
			<input name="Height" type="float" value="1.0" />
			<input name="Normal" type="vector" value="0.0 0.0 0.0" />
			<output name="Normal" type="vector" value="0.0 0.0 0.0" />
		</bump>

		<!-- Base Colour -->
		<principled_bsdf name="DamageColor" distribution="ggx" subsurface_method="burley" >
			<input name="BaseColor" type="color" value="1.0 1.0 1.0" />
			<input name="Subsurface" type="float" value="0.0000" />
			<input name="SubsurfaceRadius" type="vector" value="1.0 1.0 1.0" />
			<input name="SubsurfaceColor" type="color" value="1.0 1.0 1.0" />
			<input name="Metallic" type="float" value="1.0000" />
			<input name="Specular" type="float" value="0.5000" />
			<input name="SpecularTint" type="float" value="0.0000" />
			<input name="Roughness" type="float" value="0.400" />
			<input name="Anisotropic" type="float" value="0.0000" />
			<input name="AnisotropicRotation" type="float" value="0.0000" />
			<input name="Sheen" type="float" value="0.0000" />
			<input name="SheenTint" type="float" value="0.5000" />
			<input name="Clearcoat" type="float" value="0.0000" />
			<input name="ClearcoatRoughness" type="float" value="0.0300" />
			<input name="IOR" type="float" value="1.4500" />
			<input name="Transmission" type="float" value="0.0000" />
			<input name="TransmissionRoughness" type="float" value="0.0000" />
			<input name="Normal" type="vector" value="0.0 0.0 0.0" />
			<input name="ClearcoatNormal" type="vector" value="0.0 0.0 0.0" />
			<input name="Tangent" type="vector" value="0.0 0.0 0.0" />
			<output name="BSDF" />
		</principled_bsdf>

		<group group_name="STICKER-GROUP" name="Group">
			<input name="Shader" type="closure" />
			<output name="Shader" type="closure" />
		</group>

		<connect from_node="TextureCoordinate" from_socket="Generated" to_node="MusgraveTexture" to_socket="Vector" />
		<connect from_node="TextureCoordinate" from_socket="Generated" to_node="NoiseTexture" to_socket="Vector" />

		<connect from_node="MusgraveTexture" from_socket="Fac" to_node="ColorRamp1" to_socket="Fac" />
		<connect from_node="NoiseTexture" from_socket="Fac" to_node="ColorRamp2" to_socket="Fac" />
		<connect from_node="NoiseTexture" from_socket="Fac" to_node="ColorRamp3" to_socket="Fac" />
		<connect from_node="NoiseTexture" from_socket="Fac" to_node="ColorRamp4" to_socket="Fac" />
		<connect from_node="NoiseTexture" from_socket="Fac" to_node="Bump1" to_socket="Height" />

		<connect from_node="ColorRamp2" from_socket="Color" to_node="MixColor" to_socket="Fac" />
		<connect from_node="InnerColor" from_socket="Color" to_node="MixColor" to_socket="Color1" />
		<connect from_node="OuterColor" from_socket="Color" to_node="MixColor" to_socket="Color2" />
		<connect from_node="MixColor" from_socket="Color" to_node="DamageColor" to_socket="BaseColor" />

		<connect from_node="ColorRamp3" from_socket="Color" to_node="DamageColor" to_socket="Metallic" />
		<connect from_node="ColorRamp3" from_socket="Color" to_node="Bump2" to_socket="Height" />

		<!--connect from_node="ColorRamp4" from_socket="Color" to_node="DamageColor" to_socket="Roughness" /-->

		<connect from_node="ColorRamp1" from_socket="Color" to_node="Bump3" to_socket="Height" />
		<connect from_node="Bump2" from_socket="Normal" to_node="Bump3" to_socket="Normal" />

		<connect from_node="Bump3" from_socket="Normal" to_node="DamageColor" to_socket="Normal" />

		<connect from_node="DamageColor" from_socket="BSDF" to_node="Group" to_socket="Shader"/>
		<connect from_node="Group" from_socket="Shader" to_node="Output" to_socket="Surface" />
		<connect from_node="ColorRamp1" from_socket="Color" to_node="Output" to_socket="Displacement" />
	<!-- Created by Shushudancer -->
	</shader>
</material>
<!-- Template By Shushudancer -->